5.118655403169983936e-02 4.275767535693281163e-02 4.043547269312360026e-02 3.639903132795582058e-02 4.154998176574723617e-02 6.282692810213236223e-02 3.934126744290128430e-02 3.091537236875314260e-02 3.723266587809234696e-02 3.938820044194318165e-02 7.778345008699152907e-02 1.626383658505065610e-01 3.469545357076223718e-02 8.956739854416750912e-02 5.324521871556008729e-02 1.752063773523008239e-01 1.449196869641133090e-01 1.170063444289322768e-01 1.936148004977075732e-01 7.070329522688266477e-02 1.316081928054340378e-01 8.503223620940374150e-02
4.764341415490505605e-02 5.039991373415372844e-02 4.488933198843233358e-02 4.711314344185350833e-02 4.571001230752709532e-02 6.367916171215654009e-02 4.267171978440888885e-02 3.302094355584039159e-02 4.180855202709685831e-02 4.714033789752534315e-02 5.817403963765904046e-02 1.567291602692535424e-01 7.772481145170896666e-02 1.426529228993428933e-01 1.187701688658017868e-01 1.138108950760257920e-01 1.707329806990374454e-01 2.806925940432447031e-01 1.057408427597742728e-01 6.413921461625057829e-02 6.993618725097662525e-02 1.607383185605434639e-01
4.512211367858189048e-02 4.232141928921917540e-02 3.426626791887882328e-02 3.610884509691621863e-02 3.904165252605541758e-02 6.156145512410692716e-02 3.706382745593301414e-02 2.656896743074143447e-02 3.107689423216811880e-02 3.108282579978980872e-02 4.148730361511326209e-02 1.433686820651691174e-01 6.417310782068080810e-02 7.564347546912496278e-02 5.203396629113801047e-02 1.212062626961717127e-01 1.002556688752571368e-01 8.074972012558512269e-02 9.253010849055409714e-02 2.642893312319241975e-02 7.320872587176834034e-02 5.114275264141209670e-02
3.721017553654624999e-02 4.833667063498705424e-02 3.669855427780381596e-02 3.484156257112739491e-02 3.456628715132924190e-02 6.092499058729138744e-02 4.063621618508981431e-02 2.821297040814102486e-02 3.648771255394949592e-02 4.581221664656037751e-02 4.224402694571866013e-02 1.220766011909298066e-01 5.446350718421014148e-02 8.762113524254248886e-02 7.532169446019103265e-02 2.455195743495247329e-01 2.099641619349884580e-01 1.138246036127208288e-01 9.867438935345554385e-02 8.187094651051056438e-02 1.821209058191011199e-01 3.809628615373578109e-01
4.577107779138527011e-02 4.907157834854800060e-02 3.843934336321976758e-02 3.914799326806178703e-02 3.911586376584118979e-02 6.467285534555926307e-02 4.519462521896517454e-02 2.894120912852125166e-02 4.210938795100904047e-02 3.817345829397258972e-02 7.697222969257599967e-02 8.575916238340108855e-02 6.249632379419602091e-02 6.818915929550531385e-02 2.840706065605401454e-02 1.103651958879515033e-01 1.240293515947633318e-01 1.067715532555056218e-01 1.056082981608370275e-01 4.934533190117931789e-02 1.071632193066655581e-01 4.973263383471304006e-02
6.819522519567219887e-02 6.070702250652015852e-02 5.726630319545103487e-02 6.116508833376875509e-02 5.209163392347299776e-02 6.442694755173829224e-02 5.594550226671506088e-02 3.901980863996163534e-02 5.233401213132240354e-02 5.084328433544153120e-02 nan 1.648564471089176975e-01 2.099641619349884580e-01 3.058650914250685693e-01 2.272740130512162782e-01 3.706415575838594711e-01 2.292682995800220114e-01 2.016226006676273275e-01 3.100241081412358768e-01 2.022694440619842438e-01 2.272740130512162782e-01 3.010048489102398750e-01
3.538792755109473193e-02 3.161536734339291665e-02 3.119117984115260880e-02 3.241711316863809395e-02 3.661039071445345433e-02 4.702399712338591747e-02 3.558968432627784145e-02 2.737054738271356424e-02 3.150606332196776577e-02 3.186399095989725372e-02 7.202177255334450690e-02 8.755001472746817837e-02 4.366891660090118504e-02 7.902786052571696140e-02 7.222516934035150271e-02 1.477100110941847455e-01 1.294405326028209013e-01 1.096514065291177425e-01 9.413839991354819303e-02 6.635677932725878025e-02 1.921396429210663614e-01 1.909609249328599601e-01
3.351786563517793888e-02 3.029898806054176497e-02 2.265648723686340682e-02 2.621336202069394355e-02 2.772118059117342423e-02 3.766643551578298388e-02 2.717722576867962619e-02 1.849285445909886610e-02 2.866807635354210945e-02 3.171796747249118475e-02 3.955726425453875289e-02 1.250794796341924142e-01 5.407194816516045638e-02 7.076308480986412408e-02 7.451250563302018459e-02 2.718136272412727816e-01 1.519935704769038165e-01 1.175635168385471691e-01 7.295546104237865537e-02 5.364550442330724006e-02 6.929773529322542924e-02 1.141314857630818108e-01
4.332026551953502974e-02 4.173849977455862392e-02 3.225759815136054753e-02 3.647996289360030259e-02 3.877866879329777694e-02 5.795140139817885755e-02 4.352429900111087768e-02 2.821801813117622709e-02 3.267869327574437349e-02 3.605530877413572199e-02 1.734260371391387612e-01 8.528711756106432951e-02 1.102047269562347886e-01 1.733656272819612820e-01 1.036394088035709066e-01 2.476136336469768606e-01 1.821209058191011199e-01 1.546374598621967633e-01 1.269530158599037339e-01 1.017495789762261627e-01 1.180992768051566388e-01 1.702892759850354598e-01
4.287615620945626344e-02 4.773627675007331705e-02 3.526922531660067750e-02 4.429700096372223700e-02 3.607054480809405300e-02 4.356895914941911335e-02 4.152456998999545096e-02 3.050784213951279050e-02 3.669732811880831863e-02 3.821320652594489831e-02 2.272740130512162782e-01 1.493545817552305033e-01 2.476136336469768606e-01 1.438192838647300020e-01 1.438192838647300020e-01 1.559814869328064180e-01 1.550610039726676992e-01 1.383195241321927282e-01 1.073434493398806588e-01 1.280045665697339963e-01 1.347273524891763608e-01 1.532982689810631904e-01
6.067638576197968009e-02 6.830053458025187041e-02 3.215136231377865861e-02 3.500826966963409281e-02 1.033759281807919567e-01 3.100241081412358768e-01 5.274983871844145245e-02 3.594731562014420734e-02 1.108925797698738086e-01 1.369495516041328298e-01 3.282680197716399823e-02 3.509977348267203506e-02 3.086766669951850756e-02 3.970701588001340071e-02 2.589326697270522004e-02 3.284458941022026096e-02 6.020813962010550940e-02 3.426040747367321143e-02 4.094786642694927398e-02 3.350301307878270074e-02 3.731412293271414715e-02 3.171207556490685670e-02
1.262513149087118314e-01 1.126702300545736474e-01 6.196643210878104852e-02 1.292260678784822592e-01 1.052047722925187750e-01 1.680980552383306847e-01 8.081457218036164347e-02 9.099106753621995225e-02 1.050339641654033790e-01 1.280209788718205122e-01 3.572075429194367102e-02 4.271332432487901648e-02 2.497930246202317503e-02 3.406123645683212242e-02 3.057585267099949614e-02 4.302228763398533579e-02 5.684203396239154854e-02 3.046070401634743199e-02 2.909481692865972802e-02 2.661674804295965230e-02 3.191449852515448188e-02 4.072096065031678008e-02
3.259818212902967915e-02 7.066685925335798590e-02 5.850253245295979065e-02 4.172887479784614939e-02 8.187094651051056438e-02 2.099641619349884580e-01 4.318340085757815805e-02 5.602744831425131300e-02 7.320872587176834034e-02 8.093307493842263889e-02 3.118093729718765875e-02 3.202084320686907765e-02 3.080723339944733269e-02 3.716431788258878904e-02 2.613094243279578260e-02 3.556737244255397251e-02 5.581229784525173349e-02 3.764550401662535017e-02 3.479907091627047061e-02 2.401713075302340863e-02 2.771574615856167365e-02 2.584542370006307627e-02
1.316081928054340378e-01 1.116210789775508028e-01 6.744945929088205783e-02 3.490509149695562863e-02 7.578293353312501313e-02 1.950677444450527043e-01 1.011329912472971743e-01 7.434897882186169982e-02 1.628895619777518400e-01 1.707693057414993720e-01 3.792498752687258751e-02 3.586173819519497541e-02 3.420825973219793203e-02 4.383462565991074616e-02 3.357521190504215297e-02 5.711063477260935189e-02 8.142559812705373046e-02 4.920390683258717146e-02 4.703711216345684426e-02 3.960046270635841220e-02 4.493581989353753747e-02 4.910093770594264190e-02
3.180004776042730935e-02 9.831513464898519739e-02 4.969725234836283589e-02 6.593088162324342583e-02 4.427019846551800281e-02 2.518895579304359922e-01 3.058305405346752048e-02 7.258433282747420168e-02 7.334110201195567780e-02 7.902786052571696140e-02 2.085953829789714831e-02 3.083879403524926108e-02 2.528800266768919947e-02 3.170470809180059302e-02 2.250635917330125885e-02 3.306912115544100722e-02 5.253402947767267517e-02 2.743065100115023650e-02 3.418685285721453221e-02 2.371979013320653362e-02 3.070913838815112970e-02 2.731435283462483460e-02
1.009998776801565024e-01 1.389996491718173688e-01 8.804698498806523554e-02 7.772481145170896666e-02 1.214903958028379499e-01 3.367230529138357520e-01 1.022390344283318347e-01 1.050339641654033790e-01 1.138108950760257920e-01 1.046049231756994158e-01 2.893548094525704578e-02 4.346015968067866442e-02 2.960606377466701994e-02 3.756731170733951242e-02 2.896249080290988140e-02 3.860396329902307522e-02 6.621756924871247119e-02 3.486112554928968293e-02 4.944990329646861693e-02 4.422834458365845767e-02 3.973662485442566034e-02 4.722004197998996844e-02
1.036398716214699672e-01 1.922006983109503797e-01 5.562614353050422678e-02 8.025505355898272797e-02 1.249012718363007174e-01 2.726403227632813175e-01 5.335787884469135600e-02 7.578293353312501313e-02 1.430845795657614550e-01 1.070484091074198618e-01 6.333255958505706884e-02 6.201907101044803333e-02 4.469989068459539333e-02 6.026104216632326843e-02 4.604924381314608878e-02 6.876714174300588289e-02 7.455987661764444663e-02 5.497149700676644268e-02 5.502621504029634597e-02 4.642313730343133882e-02 5.016001766955367064e-02 5.516680422443880766e-02
9.609383334157611811e-02 1.983453579040808656e-01 5.286986742212123475e-02 6.784385724736635703e-02 1.550610039726676992e-01 2.228869875753667074e-01 1.134027392677425805e-01 6.341181605714771297e-02 9.473923642715234572e-02 1.126702300545736474e-01 3.212559825742125619e-02 3.486899976728372041e-02 2.900762524628145572e-02 3.903048304142995445e-02 2.632372242956361116e-02 3.946198798964409976e-02 5.629954599068247995e-02 3.122608925160995016e-02 2.936895443851217369e-02 2.651491017248899101e-02 2.925011926254733260e-02 3.189125714849337656e-02
1.607383185605434639e-01 8.267679067323063791e-02 1.116297480431954481e-01 1.033414278108799184e-01 1.241817997430071097e-01 3.367230529138357520e-01 1.654883668627208648e-01 8.896564261817779817e-02 1.371530277588602353e-01 9.992235945562966126e-02 5.168618909936787548e-02 5.061046656769975505e-02 3.697992602693693509e-02 4.425757062476010084e-02 3.412349358851592129e-02 5.275868868877613832e-02 8.848009221255863366e-02 3.530914388973810381e-02 4.712386752804129803e-02 3.371154009170954091e-02 4.833635265930184832e-02 4.825944232514801924e-02
4.505352495903713894e-02 5.301161478811147049e-02 3.942665705286526462e-02 7.588761047010522676e-02 3.446235251818552392e-02 1.438192838647300020e-01 3.406296880046175840e-02 7.166810291279483713e-02 1.171029774688888137e-01 9.708391625019391347e-02 3.081969869543267279e-02 3.347482838913362624e-02 2.408777826269888067e-02 3.811348042204791564e-02 2.338561369327238695e-02 3.838938810772964116e-02 5.432435772681283581e-02 2.947185277243794671e-02 3.540826276082117280e-02 3.075495594011544431e-02 3.742551186197115576e-02 3.733996317771048901e-02
8.956739854416750912e-02 1.443661982682967193e-01 6.400790294552254067e-02 7.547386846364541324e-02 6.341181605714771297e-02 2.272740130512162782e-01 6.341181605714771297e-02 7.904185848916550627e-02 1.164209325779727439e-01 1.176738025776801894e-01 3.539124738861822161e-02 3.676879766237974717e-02 2.938581655811396687e-02 4.246443054664526817e-02 3.034077796776424307e-02 4.994399019926817895e-02 6.708582585616763849e-02 3.301518996565837305e-02 4.533479838341433754e-02 3.636607499877268085e-02 3.762245845974848679e-02 4.246893871392314751e-02
7.930844868213399179e-02 1.609484891483821123e-01 4.819871777455576184e-02 3.490509149695562863e-02 7.795499955264197089e-02 2.718136272412727816e-01 6.651455309058061649e-02 6.623041473969791537e-02 1.267103951554829910e-01 1.102239873447779933e-01 2.750780629806743108e-02 3.758629221783014313e-02 2.620705196413575938e-02 4.012702302011864064e-02 2.909851386703457554e-02 5.602781305889156793e-02 7.120086406987967409e-02 3.890403485034562431e-02 4.398494305331433762e-02 3.598374630819958092e-02 4.372400912286641267e-02 4.660653442294568349e-02
