1.518121915780855369e-01 3.010048489102398750e-01 1.716893028953822009e-01 nan 5.926456918054285455e-02 4.954232101127743065e-02 3.565112509282560710e-02 3.171146735107296250e-02 1.992711256027343905e-02 8.281330453853151530e-02 1.078712541652983824e-02 2.835963067418120764e-02 4.221611864917342027e-02 6.579825859146753997e-02 9.425763793533480442e-03 4.879964218452075009e-02 2.302653643991456334e-02 2.597811808452755999e-02 4.697153105946979407e-02 9.249757503474376197e-02 4.259975457318548181e-02 3.616150995409644908e-02 2.637105164544882932e-02 2.630928633528028734e-02 2.680441302099209611e-01 2.675514078087501413e-02 3.141372334390246657e-02 1.548096764669613587e-02 1.796560314446137702e-02 1.754145367251981960e-02 2.251032176459465128e-02 2.991371686187963008e-02 5.237379393907145436e-02 1.982491386168205166e-02 2.921135434260193481e-02 2.539171169179174972e-02 3.010048489102398750e-01 3.809628615373578109e-01 1.821209058191011199e-01 4.357751717092057109e-01 1.438192838647300020e-01 2.099641619349884580e-01 6.818251567999551732e-02 9.735229201872330762e-02 4.900560263986489945e-02 2.099641619349884580e-01 7.473943272399249937e-02 nan 3.010048489102398750e-01 9.413839991354819303e-02 5.141689235103350658e-02 2.476136336469768606e-01 3.809628615373578109e-01 1.138108950760257920e-01 1.026967586270215727e-01 2.272740130512162782e-01 7.103411272587004111e-02 9.600004899750955167e-02 1.438192838647300020e-01 8.123641916411647457e-02 nan 6.818915929550531385e-02 7.740001627038527177e-02 5.405948268385450672e-02 1.827227354886191632e-02 2.930857618092306757e-02 3.835126339957786734e-02 2.895340904212826555e-02 5.240836858943999366e-02 4.255928704121114681e-02 8.804698498806523554e-02 9.202072703070410253e-02
1.438192838647300020e-01 4.357751717092057109e-01 9.034721983471924456e-02 4.357751717092057109e-01 5.181080114619256854e-02 4.626983894334041336e-02 2.427998719714642706e-02 3.626828123119427844e-02 1.435369703200025347e-02 6.351791197554447488e-02 1.900587648969846374e-02 3.398936560125029316e-02 4.975838669267425990e-02 7.620004960478289624e-02 1.613460469057304003e-02 4.536897769954745252e-02 4.077692161618189093e-02 3.489088093095914916e-02 3.589797110144678227e-02 1.016196374998298152e-01 3.491002256581933472e-02 2.637609046589079256e-02 2.377095814093492868e-02 2.865668051031858982e-02 1.900191890099049707e-01 3.122662993018160069e-02 3.295687023928339787e-02 1.546760202271982472e-02 2.157744195597858031e-02 1.588030477435453322e-02 2.534626428350938987e-02 1.880426325219873226e-02 5.442617429571023485e-02 2.094433761751111553e-02 1.267464333943087162e-02 2.280281185195431534e-02 nan nan nan nan nan 8.025505355898272797e-02 8.724109663016892113e-02 7.178233962939632729e-02 2.630696221125759793e-02 3.809628615373578109e-01 7.772481145170896666e-02 1.092469815160791446e-01 1.607383185605434639e-01 1.558988433825599373e-01 3.630427963693894783e-02 1.832967502522322156e-01 1.821209058191011199e-01 6.341181605714771297e-02 8.634270201166974190e-02 3.809628615373578109e-01 6.161295179553723939e-02 4.694659867130582254e-02 1.369495516041328298e-01 1.052909979129314083e-01 nan 5.451055713762444077e-02 5.369548164755437447e-02 3.108442659040092093e-02 4.078867498042622330e-02 2.726094731926036532e-02 5.695909489089052286e-02 6.276599149995144844e-02 6.520636826570562483e-02 6.542484263365087871e-02 7.978155132777861591e-02 1.634193373935493299e-01
1.707693057414993720e-01 nan 9.751072495546907193e-02 3.367230529138357520e-01 3.554341884117936945e-02 3.664818517490810862e-02 1.200930956436770808e-02 1.652630043563996232e-02 1.146410674200665572e-02 4.518461376984792693e-02 7.738524170312200204e-03 1.794270900372203770e-02 1.849540906829306303e-02 6.290269568361607500e-02 7.062090132324937500e-03 3.369857176662092307e-02 2.131827680017332402e-02 2.254943116602343631e-02 3.635883295097191992e-02 6.572644385126528987e-02 3.368572400558406121e-02 2.490488572832664366e-02 2.298828376326015471e-02 2.512622577222553208e-02 1.266647029771968691e-01 2.212654900609557773e-02 2.659850518934843075e-02 9.519400829060513727e-03 1.727915201355725502e-02 1.486954946820280565e-02 1.861701956961309135e-02 1.599960792624394862e-02 3.875803647421266485e-02 1.769106760903811984e-02 9.366674015742424905e-03 1.749263742368939792e-02 1.301063895550240157e-01 2.099641619349884580e-01 8.447014991267373651e-02 3.010048489102398750e-01 1.092469815160791446e-01 9.751072495546907193e-02 1.002556688752571368e-01 5.979931318898114301e-02 3.309416007596497483e-02 2.099641619349884580e-01 2.325340392429598238e-02 2.718136272412727816e-01 2.718136272412727816e-01 2.805638995895178012e-02 1.850211432644533610e-02 8.528711756106432951e-02 2.022694440619842438e-01 2.955594084103266295e-02 6.818915929550531385e-02 1.187712532832855272e-01 3.701031985756753767e-02 6.444602703305619962e-02 8.528711756106432951e-02 5.108448579457605665e-02 nan 4.299901249742592302e-02 3.582652983711347161e-02 2.485693278214892374e-02 2.592998419512137012e-02 1.854794808275608831e-02 2.485693278214892374e-02 2.738198272323563373e-02 2.531314751297748106e-02 3.928692022417311358e-02 7.565024146262111504e-02 7.902786052571696140e-02
1.438192838647300020e-01 8.269473071902942729e-02 1.011329912472971743e-01 2.476136336469768606e-01 2.156542971840631415e-02 2.326150707343731597e-02 1.294401206404765907e-02 1.997965217888061223e-02 9.137436800631936265e-03 3.108442659040092093e-02 7.573109011554012698e-03 2.004804148387700352e-02 1.615688685409845393e-02 3.384717513338818262e-02 9.848499610706530627e-03 3.099923432778445287e-02 2.754450913920060071e-02 2.934329612949174160e-02 2.989181015331892483e-02 5.089999391921380678e-02 4.241712282258160854e-02 2.160240242624234322e-02 2.237579273452628553e-02 2.463953430081265716e-02 1.487938242192647365e-01 2.818054233613540363e-02 2.825993257087111576e-02 1.295858148227290937e-02 1.787531007490909471e-02 1.208243323055059604e-02 2.182768651198754503e-02 1.885043334182434985e-02 4.444963428721016019e-02 1.815052995073655057e-02 1.180424215754636609e-02 1.332837027670174743e-02 nan nan nan nan nan 9.099106753621995225e-02 5.141689235103350658e-02 3.305488974097820637e-02 3.863580906595583120e-02 1.821209058191011199e-01 4.086488837628726722e-02 4.054687942657692612e-01 2.476136336469768606e-01 1.607383185605434639e-01 5.800004246110418427e-02 9.709845324768795471e-02 1.002556688752571368e-01 3.809628615373578109e-01 6.478143273236754152e-02 2.099641619349884580e-01 7.372847625073611355e-02 5.030626065527240426e-02 9.413839991354819303e-02 8.447014991267373651e-02 nan 1.438192838647300020e-01 6.256582037389814277e-02 3.924961560957435786e-02 3.428975603061377997e-02 2.196934477550172363e-02 3.617028989160702562e-02 4.588360701955442739e-02 5.075939133085467792e-02 5.208436991845118158e-02 3.679593377564963769e-02 6.269236907225173017e-02
9.751072495546907193e-02 3.010048489102398750e-01 1.187712532832855272e-01 nan 7.451190663572805628e-02 2.506382457800229030e-02 2.099664181977066793e-02 3.554449746441776942e-02 1.916136473136111421e-02 6.850934551520611315e-02 1.386207839843109531e-02 2.050922979209957031e-02 3.864681296148388817e-02 5.943925303554664641e-02 1.537716639541310271e-02 2.968104132142391008e-02 1.904675737622345960e-02 3.168720868724905076e-02 3.773287223525652323e-02 7.638004734346685864e-02 3.623626721215297136e-02 2.241010527180494621e-02 2.137836301807741202e-02 2.755251319361846918e-02 2.476136336469768606e-01 2.832405380788416069e-02 2.897012007961631205e-02 1.440895734071292664e-02 1.801713444414243179e-02 1.452481745098989363e-02 2.059732404128629749e-02 1.919023289272767108e-02 5.107147163687397046e-02 1.643001254614944937e-02 1.694138355923289346e-02 1.723770028984742547e-02 3.010048489102398750e-01 3.809628615373578109e-01 1.607383185605434639e-01 4.357751717092057109e-01 1.821209058191011199e-01 2.099641619349884580e-01 1.178071876322016182e-01 1.079755640689107760e-01 8.074972012558512269e-02 2.476136336469768606e-01 4.519319091029973950e-02 nan 3.809628615373578109e-01 8.724109663016892113e-02 1.837215181442686598e-02 1.301063895550240157e-01 3.809628615373578109e-01 6.993618725097662525e-02 9.268131283980449164e-02 1.808236316043189407e-01 4.010324093086108793e-02 4.829950512794613238e-02 8.213318442298649102e-02 6.858247844599120457e-02 3.809628615373578109e-01 4.771722384138061407e-02 4.572383665931197688e-02 2.321150615005694931e-02 1.744901446911968981e-02 2.549342908070349051e-02 3.701031985756753767e-02 8.528711756106432951e-02 8.956739854416750912e-02 2.610200635478001144e-02 5.371694878046719829e-02 1.241817997430071097e-01
3.367230529138357520e-01 1.138108950760257920e-01 9.735229201872330762e-02 3.809628615373578109e-01 1.057720322093212706e-01 6.649901325323033519e-02 4.318340085757815805e-02 4.176382165939205443e-02 2.382886373023809790e-02 1.021855325314440094e-01 1.662421945160875297e-02 4.005013642418318864e-02 5.404757476595000582e-02 6.837432315595153021e-02 1.822313351279162066e-02 3.833132940586677501e-02 4.261159625260072664e-02 3.693236062103071732e-02 5.726387497589614795e-02 8.102773107572346090e-02 5.175458378094417028e-02 2.706499606509017372e-02 3.338224284774915507e-02 3.262872844965509361e-02 nan 3.640913814743787502e-02 3.901980863996163534e-02 2.143550020615521412e-02 2.785674877150305997e-02 2.168270906985594534e-02 3.246624600696512708e-02 2.027437239487146423e-02 7.687418876321491790e-02 2.226324288767343035e-02 2.358551935438067682e-02 5.695909489089052286e-02 4.357751717092057109e-01 2.476136336469768606e-01 3.809628615373578109e-01 nan 2.099641619349884580e-01 3.809628615373578109e-01 1.707693057414993720e-01 1.808236316043189407e-01 1.301063895550240157e-01 4.357751717092057109e-01 8.528711756106432951e-02 3.367230529138357520e-01 nan 2.272740130512162782e-01 5.339664586949360164e-02 2.455195743495247329e-01 4.357751717092057109e-01 2.099641619349884580e-01 1.936148004977075732e-01 4.357751717092057109e-01 1.002556688752571368e-01 2.099641619349884580e-01 2.476136336469768606e-01 1.575123159609235768e-01 nan 1.707693057414993720e-01 2.097042061443293026e-01 7.002635276418971155e-02 7.811730168805917918e-02 6.671657216643271660e-02 1.098484689692239974e-01 1.301063895550240157e-01 2.272740130512162782e-01 5.240836858943999366e-02 1.808236316043189407e-01 3.383866303536623432e-01
2.292682995800220114e-01 3.010048489102398750e-01 1.558567769586708951e-01 3.809628615373578109e-01 6.523468480247154866e-02 3.372018178379692505e-02 3.413278391221396396e-02 3.627047600757880852e-02 1.303347618307895694e-02 8.441403580311615529e-02 1.060892866842461785e-02 4.761345073695705254e-02 4.505352495903713894e-02 6.447010075499318149e-02 1.058408952611140583e-02 3.169526606118382855e-02 2.255223891535464847e-02 2.502907868694407428e-02 3.243797997509830638e-02 6.773903990952200027e-02 3.116541540974740801e-02 2.249981252365477330e-02 1.955098366175860372e-02 2.298814573370907416e-02 1.292260678784822592e-01 2.227768272132914923e-02 2.756023713440210188e-02 1.443324261224513197e-02 1.448111219122347193e-02 1.387236165432909410e-02 1.147971764693741722e-02 1.406903024823770443e-02 3.006859191722459704e-02 1.462558696448369895e-02 1.239608404156138446e-02 3.181633152182741786e-02 nan nan nan nan nan 2.718136272412727816e-01 3.367230529138357520e-01 nan 8.658133251742858305e-02 3.367230529138357520e-01 6.161295179553723939e-02 1.909609249328599601e-01 1.950677444450527043e-01 1.518121915780855369e-01 2.170082886373574105e-02 2.476136336469768606e-01 2.718136272412727816e-01 1.634193373935493299e-01 8.669020979603557497e-02 3.010048489102398750e-01 6.690082755053050612e-02 7.547386846364541324e-02 6.050145696607173162e-02 7.859420028200141128e-02 nan 1.463798034966141415e-01 5.105411412054280257e-02 4.993078337448191711e-02 1.845562748575210743e-02 3.245774730204521036e-02 3.093124325778846134e-02 8.269473071902942729e-02 7.578293353312501313e-02 4.467342288426186248e-02 1.138108950760257920e-01 8.528711756106432951e-02
4.617519533630786571e-02 6.196643210878104852e-02 1.473545243636847565e-02 1.301063895550240157e-01 2.801936974864037422e-02 2.184320567525729201e-02 1.039313731087135838e-02 1.466649415121607999e-02 9.311023009476461151e-03 2.665443864111616962e-02 8.779182180048573231e-03 1.720556603616462191e-02 2.040159553012988597e-02 3.998416272023518070e-02 7.834198354485987989e-03 2.204461703995935426e-02 1.735521286442783667e-02 1.600675537854382227e-02 2.669794712026120689e-02 1.902564243647697148e-02 2.449629415465417320e-02 1.937073009058432049e-02 1.605198767701938173e-02 1.752810348852781516e-02 1.212588749964659401e-01 2.116673941103149395e-02 1.845675539026784412e-02 1.141467710345189443e-02 1.173671381784848269e-02 1.156679361067785260e-02 1.546489565698871450e-02 1.733723440622501194e-02 3.082509586050282899e-02 1.463863523333819652e-02 1.033355674889630677e-02 1.670392349516850936e-02 nan 1.607383185605434639e-01 6.993618725097662525e-02 nan 7.372847625073611355e-02 3.032563538745070009e-02 1.894682569749695997e-02 2.157757233257898144e-02 1.488149620161515266e-02 6.520636826570562483e-02 1.609523831717264014e-02 4.697334734129097328e-02 5.562614353050422678e-02 2.272740130512162782e-01 3.408892946136188318e-02 1.518121915780855369e-01 4.357751717092057109e-01 2.899505854945242864e-02 1.480032695476364291e-01 2.292682995800220114e-01 1.098484689692239974e-01 6.129054864578616785e-02 3.010048489102398750e-01 8.586136998288237954e-02 nan 5.891077052153161075e-02 4.374636189187539742e-02 3.208013447990838013e-02 2.514909942509992169e-02 2.289638803517681301e-02 3.752446323264086586e-02 4.842865551618983494e-02 5.633828633303972905e-02 2.489108255766609573e-02 1.419287248268052450e-02 4.445595535365418766e-02
5.562614353050422678e-02 3.319903930511520357e-02 1.889014820207971651e-02 9.099106753621995225e-02 3.384818078879776870e-02 4.483505968634266675e-02 1.519909858705453982e-02 1.704261701679770508e-02 1.287456182628494983e-02 2.446190004176247365e-02 1.177001710585752134e-02 2.436935961847604831e-02 3.012712397169743997e-02 2.570493604571915530e-02 1.549337280654402779e-02 1.885537409877872245e-02 2.422067132975181877e-02 2.067632448227807798e-02 4.134002037048905426e-02 2.000383931647680552e-02 3.089005242383930164e-02 3.141281437460997916e-02 2.239530759261722584e-02 2.613504820214078775e-02 7.040579265729662861e-02 2.399562347943662646e-02 2.814917416183308763e-02 1.717653340999589565e-02 1.653898956083312000e-02 1.555474780283634846e-02 2.652314466670152582e-02 2.036381217734917551e-02 4.820392621396208527e-02 2.007885805421915498e-02 1.178351352829323621e-02 1.959414475768797570e-02 3.010048489102398750e-01 1.909609249328599601e-01 3.010048489102398750e-01 nan 9.099106753621995225e-02 6.073358934191921271e-02 5.324521871556008729e-02 2.590021873986166762e-02 1.920858991702123833e-02 3.010048489102398750e-01 2.066135080950245312e-02 7.795499955264197089e-02 1.241817997430071097e-01 5.343880971810117952e-02 5.747462206835200066e-02 7.795499955264197089e-02 1.607383185605434639e-01 2.807279964305265871e-02 1.474661341731726416e-01 1.138108950760257920e-01 1.033367418590916131e-01 1.124452196398698228e-01 1.607383185605434639e-01 9.473923642715234572e-02 nan 9.953571605164769631e-02 8.132488499698249662e-02 4.834515213286450647e-02 4.511649376517643667e-02 6.243706775525299790e-02 5.523421240190082987e-02 9.793763905128784197e-02 1.078310912672267169e-01 4.859836029502744709e-02 3.075445134913068132e-02 7.902786052571696140e-02
6.341181605714771297e-02 3.535935129616483985e-02 2.066135080950245312e-02 5.141689235103350658e-02 4.528756224939485542e-02 4.485055934227384633e-02 1.837909454639816489e-02 2.168755784107963269e-02 1.358292633926305552e-02 3.187359325122112591e-02 1.451869392902167127e-02 3.124386721255441313e-02 3.376120443919358033e-02 3.324972946734896379e-02 1.521017295024097021e-02 1.933667623998323176e-02 2.633692829925829079e-02 2.288281242709381755e-02 4.927652965091637582e-02 2.374404125816168346e-02 3.299261789614874735e-02 3.101234762738750220e-02 2.964377329256710769e-02 2.287397756754206909e-02 9.413839991354819303e-02 2.637945000820699284e-02 3.045622951188077868e-02 1.739981834336947614e-02 1.792343883886049830e-02 1.606127497132762288e-02 2.777264017579673602e-02 1.979180748697726214e-02 5.423214387780516538e-02 2.081570400380648375e-02 1.462790476579660034e-02 2.340313992376338165e-02 nan nan 2.125152900469710615e-01 nan 1.383195241321927282e-01 1.909609249328599601e-01 1.066122451266711679e-01 6.520636826570562483e-02 3.075445134913068132e-02 2.272740130512162782e-01 2.531295521552606731e-02 1.369495516041328298e-01 1.011329912472971743e-01 6.037799062208666634e-02 4.450772430467839214e-02 6.850934551520611315e-02 7.795499955264197089e-02 3.540983917428355832e-02 1.433671804180662868e-01 1.175635168385471691e-01 9.307560746710151489e-02 1.518121915780855369e-01 1.427382037379460178e-01 9.570052269236203890e-02 nan 1.043555355702598941e-01 8.265456649574678960e-02 6.359207544044456761e-02 4.255928704121114681e-02 8.331827903227717602e-02 1.510687559229310362e-01 1.255500266478777882e-01 2.718136272412727816e-01 4.969529148366028798e-02 2.651516149883260953e-02 8.293216956898864789e-02
nan nan 3.809628615373578109e-01 nan 3.367230529138357520e-01 3.809628615373578109e-01 1.050339641654033790e-01 1.607383185605434639e-01 3.458293999211951159e-02 3.809628615373578109e-01 5.942930443092693527e-02 1.101010667704736129e-01 3.010048489102398750e-01 nan 1.817282054252931239e-02 nan 3.010048489102398750e-01 1.187712532832855272e-01 3.284429991652385722e-02 3.809628615373578109e-01 3.386706769050189941e-02 3.440269984035656398e-02 9.413839991354819303e-02 4.966775211986758365e-02 nan 7.978649540931009865e-02 3.594731562014420734e-02 9.955680706972010185e-03 2.100258330262849346e-02 2.403478263013891086e-02 4.280242455460942647e-02 6.992287422551574094e-02 1.011329912472971743e-01 2.949653954459673794e-02 6.623041473969791537e-02 6.050145696607173162e-02 2.476136336469768606e-01 1.187712532832855272e-01 7.070329522688266477e-02 4.357751717092057109e-01 6.027885316640142072e-02 4.260843611708273193e-02 2.627641454492772588e-02 2.248128529519931307e-02 2.471220554464747740e-02 9.600004899750955167e-02 1.362272486823638482e-02 3.749309578013094307e-02 3.406296880046175840e-02 2.538411428483620252e-02 1.294721509602362805e-02 4.206797375771631486e-02 1.391050346888447579e-02 1.270470684578846841e-02 3.659668748689956508e-02 9.153663333917823330e-02 3.666840387036551102e-02 3.368888477743805371e-02 2.216976421771231151e-02 2.340906500764862105e-02 1.654883668627208648e-01 2.667331780875871125e-02 2.574681156572889221e-02 9.140335129063254307e-03 1.484093502725660450e-02 1.317385822666486232e-02 1.864922232202464308e-02 2.858845126306255868e-02 3.431253415734587114e-02 1.544322164839739830e-02 2.452567916135303325e-02 2.240419997536663779e-02
nan nan nan nan 3.010048489102398750e-01 1.707693057414993720e-01 3.100241081412358768e-01 1.821209058191011199e-01 4.005013642418318864e-02 4.357751717092057109e-01 3.165195574759144953e-02 1.301063895550240157e-01 1.369495516041328298e-01 nan 4.006504579969864116e-02 3.010048489102398750e-01 4.357751717092057109e-01 1.950677444450527043e-01 1.058939667512846933e-01 3.010048489102398750e-01 1.158853781721560644e-01 6.478143273236754152e-02 1.519935704769038165e-01 6.141233584810100454e-02 nan 9.109040389453514075e-02 9.099106753621995225e-02 5.935673390742556010e-02 4.415646644794746917e-02 4.829365063184642287e-02 4.245970665456366699e-02 4.465755451156115663e-02 1.438192838647300020e-01 4.632869308023458699e-02 8.269473071902942729e-02 1.607383185605434639e-01 2.640856206090247404e-01 1.707693057414993720e-01 9.751072495546907193e-02 nan 3.666090258647352468e-02 4.973263383471304006e-02 4.011153644613742880e-02 2.272124649312106878e-02 1.617215124637806992e-02 1.002556688752571368e-01 7.993069204236981709e-03 4.445595535365418766e-02 5.612493364958556774e-02 4.428235603656316410e-02 1.271556151942170552e-02 5.308586826616992077e-02 3.987664030067487181e-02 1.734260561717788918e-02 3.878946731139357867e-02 6.463472495177506605e-02 3.416958480112725766e-02 2.092131146939434083e-02 3.140472713461638782e-02 2.298425220969572969e-02 1.707693057414993720e-01 2.559055106515285838e-02 1.979289474823605136e-02 1.478009783089330627e-02 1.329770072170649922e-02 1.414643814864655937e-02 1.514806116233308013e-02 1.646620971367580497e-02 2.971182003072425637e-02 1.528254834581923086e-02 2.189017963167608563e-02 3.879952829333532804e-02
nan nan nan nan nan 3.367230529138357520e-01 5.343880971810117952e-02 6.492617232672384664e-02 2.014891727218116185e-02 2.718136272412727816e-01 3.835415345852061231e-02 1.607383185605434639e-01 1.301063895550240157e-01 nan 1.387230321899013061e-02 nan 2.099641619349884580e-01 1.316081928054340378e-01 5.979931318898114301e-02 3.809628615373578109e-01 3.063696724887973732e-02 5.186671098991246787e-02 2.149546174496765050e-01 4.358790432447116198e-02 nan 5.365089317161367971e-02 5.602744831425131300e-02 1.651069667183038478e-02 3.097727338267594263e-02 1.783498322793093324e-02 2.607390642660570995e-02 3.024261518159252968e-02 1.187712532832855272e-01 4.354788851682050294e-02 4.697334734129097328e-02 7.066685925335798590e-02 2.073771042587912172e-01 9.735229201872330762e-02 1.292054265838012139e-01 nan 2.552126149988774573e-02 2.537237538239094092e-02 2.293698916001292443e-02 1.692089315264998922e-02 9.961276146433462389e-03 3.321160267730968035e-02 1.046031437600552019e-02 2.842312834687648129e-02 3.241533322083515328e-02 4.541067902019290531e-02 9.004342246806263175e-03 4.415044019938098308e-02 1.770694297537291073e-02 1.300606594906358708e-02 3.478549576168871171e-02 6.696286971875832494e-02 3.091915877902252918e-02 3.021495369262744771e-02 1.812886642850336169e-02 2.443237440764904622e-02 2.243068117006538353e-01 1.969108515156179143e-02 1.989947269712099079e-02 8.759538087966096953e-03 1.427954424997398240e-02 1.264553230503741819e-02 1.324790715588074035e-02 2.097721996027081953e-02 2.822721506456966553e-02 1.343036071649211967e-02 1.295184492191807368e-02 1.672104208979728959e-02
nan nan 3.809628615373578109e-01 nan 3.367230529138357520e-01 3.809628615373578109e-01 1.707693057414993720e-01 3.367230529138357520e-01 3.446235251818552392e-02 nan 7.930844868213399179e-02 1.518121915780855369e-01 nan nan 6.651455309058061649e-02 nan nan 1.607383185605434639e-01 8.025505355898272797e-02 4.357751717092057109e-01 6.196643210878104852e-02 7.333088028466883124e-02 2.272740130512162782e-01 4.064928192251297812e-02 nan 1.239265144414392339e-01 7.434897882186169982e-02 2.519428981735926873e-02 2.868831724376192868e-02 4.056249497518347319e-02 3.809968504174474080e-02 6.269236907225173017e-02 1.634193373935493299e-01 1.215862570285424216e-01 1.677833628221960804e-01 9.957745507211288039e-02 3.809628615373578109e-01 2.096077929881256519e-01 1.518121915780855369e-01 3.367230529138357520e-01 8.775031715378026065e-02 3.413278391221396396e-02 2.207098050099150222e-02 2.026787651870583587e-02 1.748798069406636707e-02 6.405510660171970239e-02 1.386204710871406787e-02 2.353492146308613225e-02 3.740333566735852544e-02 6.450137692453450367e-02 1.507772617614670622e-02 4.785302003494423112e-02 3.604205757690205625e-02 2.474238864970580015e-02 3.545408468150701431e-02 9.422303649238351897e-02 4.203821606931133076e-02 2.815638896402026040e-02 1.632586748757624065e-02 3.461297486936400214e-02 3.010048489102398750e-01 3.389085274446187318e-02 3.023921364694613992e-02 1.479347268198719784e-02 1.804881061520481264e-02 1.519247494791766892e-02 2.244088838755776277e-02 2.543948606728315895e-02 3.876925587725160716e-02 2.182071605017118360e-02 1.012320818026525397e-02 2.297891666275794081e-02
nan 4.357751717092057109e-01 2.854174148212371698e-01 3.809628615373578109e-01 3.367230529138357520e-01 2.476136336469768606e-01 2.451230669898002770e-02 4.629815447641745518e-02 9.537420788961624776e-03 2.099641619349884580e-01 6.276599149995144844e-02 2.476136336469768606e-01 4.054687942657692612e-01 1.821209058191011199e-01 1.213683447889803840e-02 3.809628615373578109e-01 1.821209058191011199e-01 2.099641619349884580e-01 4.117871162286437792e-02 1.716893028953822009e-01 1.985439152946786787e-02 3.514262302325706772e-02 1.301063895550240157e-01 2.781600241439640200e-02 nan 5.525365942819845250e-02 7.258433282747420168e-02 1.307482946647811096e-02 3.293606024698268048e-02 9.959890916046765241e-03 3.934980944206217801e-02 3.211684251861993133e-02 1.314756869652419502e-01 4.896473642394966880e-02 2.681084732569635060e-02 8.804698498806523554e-02 1.092469815160791446e-01 4.255928704121114681e-02 4.126661942063535038e-02 9.413839991354819303e-02 1.591664524519575963e-02 2.120893193358561538e-02 1.330213063552643064e-02 8.591307327361364862e-03 7.513687422940884368e-03 2.320883643104271546e-02 7.247214354297316398e-03 2.270897682805186543e-02 1.513491147462998551e-02 2.690704078151638298e-02 8.566974419129727222e-03 2.571334335682932612e-02 1.697900057319421188e-02 1.548361829089455605e-02 2.767673698296803722e-02 3.724425792953268283e-02 2.742395131407082340e-02 1.808148551212541630e-02 8.858842162114194049e-03 1.967378030350610055e-02 1.066122451266711679e-01 2.110315513053214950e-02 1.950995236558477827e-02 8.261250789333653491e-03 1.177545995406241615e-02 9.929719024259719279e-03 1.551767801263152433e-02 1.739728375189361284e-02 2.866066188471753234e-02 1.480617390675813272e-02 9.155522240573572487e-03 1.555426444085073606e-02
nan nan 3.809628615373578109e-01 nan 2.272740130512162782e-01 3.367230529138357520e-01 3.010048489102398750e-01 2.272740130512162782e-01 6.396294591176418520e-02 4.357751717092057109e-01 4.387401993278407936e-02 3.010048489102398750e-01 2.272740130512162782e-01 nan 6.542484263365087871e-02 4.357751717092057109e-01 4.357751717092057109e-01 nan 1.078310912672267169e-01 3.809628615373578109e-01 1.240332210726270423e-01 5.562614353050422678e-02 9.735229201872330762e-02 7.984824643603950778e-02 nan 6.960296218952730096e-02 1.050339641654033790e-01 8.387609317269673070e-02 4.628241911239080325e-02 4.980712635756939094e-02 3.128745044919565427e-02 7.547386846364541324e-02 7.795499955264197089e-02 4.617519533630786571e-02 1.071632193066655581e-01 1.607383185605434639e-01 3.367230529138357520e-01 2.125152900469710615e-01 4.393552429673515392e-02 1.950677444450527043e-01 5.292646467207870464e-02 8.829978385463470303e-02 3.059253561191050894e-02 3.492588399708702190e-02 2.291099108682529209e-02 7.372847625073611355e-02 1.679952800268442320e-02 4.900560263986489945e-02 4.619617863406449282e-02 3.911586376584118979e-02 1.634625535048166156e-02 2.916433333083175844e-02 3.335900238495217301e-02 1.927396212961755145e-02 3.511129455158928242e-02 4.187877229303641619e-02 2.897012007961631205e-02 2.153698091702182724e-02 2.435762628663906346e-02 2.481289905667329737e-02 1.178071876322016182e-01 3.117845124609469609e-02 3.339427960402456541e-02 1.549662851994462395e-02 1.586471113918562839e-02 1.372049502786600213e-02 2.033633384455527451e-02 1.416038485955996643e-02 4.191862441751343510e-02 1.640714130530068066e-02 2.138516064840728648e-02 4.375422575211879161e-02
nan nan nan nan nan 2.455195743495247329e-01 3.010048489102398750e-01 nan 4.126661942063535038e-02 3.809628615373578109e-01 3.446235251818552392e-02 1.092469815160791446e-01 9.099106753621995225e-02 nan 3.523866494334754185e-02 nan 2.718136272412727816e-01 3.367230529138357520e-01 9.735229201872330762e-02 nan 5.543568427090315304e-02 4.566736689216694539e-02 1.366214644389762978e-01 6.043057923898036143e-02 nan 8.597683791353644134e-02 7.578293353312501313e-02 5.011258145574347400e-02 4.408025601417653316e-02 4.067058040148129050e-02 4.566736689216694539e-02 6.492617232672384664e-02 3.367230529138357520e-01 3.569867989026194455e-02 5.678831278518709641e-02 1.707693057414993720e-01 3.809628615373578109e-01 4.357751717092057109e-01 1.187712532832855272e-01 nan 1.879686228083505828e-01 5.678831278518709641e-02 3.438817538991349732e-02 4.533253785613252512e-02 3.835878225335941777e-02 1.394806538242050198e-01 2.258033779355159837e-02 5.926456918054285455e-02 4.858455155143295845e-02 9.141564147051328693e-02 1.843665854241437890e-02 5.166568124505187959e-02 6.199206378004135792e-02 4.545396309567659165e-02 5.991729476879898569e-02 8.857967910209570139e-02 4.227805820139612925e-02 3.376168003302340570e-02 4.351690935375358837e-02 3.883078712892023415e-02 2.476136336469768606e-01 3.783718991588123914e-02 3.580000128050161989e-02 2.211203900423951846e-02 2.554411842993320123e-02 2.268130707216231903e-02 3.123128884062879515e-02 2.984639566672715391e-02 6.888519195350306656e-02 2.264158027986571883e-02 4.643653303426417689e-02 7.852705507051939426e-02
nan nan nan nan 3.010048489102398750e-01 2.476136336469768606e-01 1.301063895550240157e-01 1.241817997430071097e-01 7.011171479711221510e-02 3.809628615373578109e-01 4.323646122512495027e-02 1.607383185605434639e-01 1.707693057414993720e-01 nan 4.275466154732388696e-02 4.357751717092057109e-01 nan 2.476136336469768606e-01 7.066685925335798590e-02 3.010048489102398750e-01 1.463798034966141415e-01 6.784385724736635703e-02 1.438192838647300020e-01 8.850334822097348508e-02 nan 6.822648656461859085e-02 6.341181605714771297e-02 3.315793338635135423e-02 2.973354089735897460e-02 3.538986787617984936e-02 2.543012832343371707e-02 4.465755451156115663e-02 7.795499955264197089e-02 2.439167392008118398e-02 6.701419200497750472e-02 1.707693057414993720e-01 1.558988433825599373e-01 8.503223620940374150e-02 3.582558740493173299e-02 2.099641619349884580e-01 5.138099293959348668e-02 3.513444379703793002e-02 1.921269076586582317e-02 2.107231855804783324e-02 1.701260595789068700e-02 4.387401993278407936e-02 7.455426906658753523e-03 3.180004776042730935e-02 2.050922979209957031e-02 3.100158241427562397e-02 9.684759980056342754e-03 3.209665294592767976e-02 2.780019435397198049e-02 2.075335825375709820e-02 2.829940918279399975e-02 5.258318328922744617e-02 2.572368165844421059e-02 2.153795077570924699e-02 1.502809650479144075e-02 2.282158365353184615e-02 2.476136336469768606e-01 2.243718336013847403e-02 1.985294492882959741e-02 1.056044816503023953e-02 1.404111541032464737e-02 1.180146173874663772e-02 1.505760411046458934e-02 2.079934097594690959e-02 3.626133264038692433e-02 1.205868041010211590e-02 1.742408772163560673e-02 1.916403245698559618e-02
nan nan 2.476136336469768606e-01 nan 7.578293353312501313e-02 1.050339641654033790e-01 4.779956345754422797e-02 5.926456918054285455e-02 1.867337001035541608e-02 2.099641619349884580e-01 2.063556281613833712e-02 1.033367418590916131e-01 1.011329912472971743e-01 nan 3.133530811254295334e-02 nan nan 6.651455309058061649e-02 1.138108950760257920e-01 1.607383185605434639e-01 1.266647029771968691e-01 1.595614853408338363e-01 2.476136336469768606e-01 1.016196374998298152e-01 nan 8.424992109572830568e-02 8.896564261817779817e-02 2.807279964305265871e-02 5.818750111180806539e-02 5.114275264141209670e-02 9.012646468196346128e-02 7.071098577734961921e-02 1.449196869641133090e-01 4.116600118354358379e-02 2.738198272323563373e-02 7.222516934035150271e-02 2.099641619349884580e-01 6.651455309058061649e-02 3.946839073727924363e-02 1.518121915780855369e-01 5.081576920379504703e-02 4.659772724661328386e-02 1.779307035365154319e-02 2.165130894447025653e-02 1.415711082242793357e-02 3.514262302325706772e-02 1.737270216545553150e-02 3.262336939926411411e-02 4.470824081670314587e-02 3.919015086386429259e-02 1.716772225752973002e-02 3.339484287672020435e-02 2.066771443948814055e-02 1.836090180549992262e-02 5.326123986367795049e-02 4.086252294179787414e-02 4.737492284636096035e-02 4.176021429230009074e-02 2.615256636887793029e-02 3.110853529299510700e-02 4.357751717092057109e-01 3.482462986333603738e-02 2.740420510144313260e-02 1.920818772515295661e-02 1.824489704726414696e-02 2.006116680040665595e-02 2.571049689209022396e-02 3.639875342943731107e-02 4.400836272553437789e-02 2.305821884465609692e-02 1.800470988377758305e-02 3.126718138130502034e-02
nan nan 1.607383185605434639e-01 nan 4.323646122512495027e-02 8.025505355898272797e-02 3.024261518159252968e-02 5.840909161616440054e-02 1.495410033057425168e-02 1.138108950760257920e-01 2.612057631752231351e-02 8.293216956898864789e-02 9.735229201872330762e-02 nan 1.291716492552592160e-02 nan 1.950677444450527043e-01 6.818251567999551732e-02 4.798445288840899603e-02 1.187712532832855272e-01 2.258303943997515620e-02 3.735660711952932395e-02 1.092469815160791446e-01 1.797776777116505756e-02 nan 8.491053176579510531e-02 7.166810291279483713e-02 8.203591370125296392e-03 2.834197983093243028e-02 1.603178890275372068e-02 5.331948032879911537e-02 3.536769884171378497e-02 1.413819589199656890e-01 2.214858487805279955e-02 1.814947151401948358e-02 6.358929146144161326e-02 6.651455309058061649e-02 4.178948868903660518e-02 2.325340392429598238e-02 5.286986742212123475e-02 4.067583188238194092e-02 2.673118858496870837e-02 1.469189897799407819e-02 1.509701256877817900e-02 1.024393937273586699e-02 1.781623550624115981e-02 1.186750512591767948e-02 2.069401208142424703e-02 2.629698408581873301e-02 3.073141626151690287e-02 1.241800335344728223e-02 2.760691542315346636e-02 1.863245832235396054e-02 1.807386014847007366e-02 2.980722950061929361e-02 2.821793990428036331e-02 2.542022958875403069e-02 2.687765763992543827e-02 1.889596368162278425e-02 2.178930216571890732e-02 1.518121915780855369e-01 2.730723566687952297e-02 2.313205109968113557e-02 1.397411772043645473e-02 1.248314611264283829e-02 1.211175379524332893e-02 1.766594406734206188e-02 2.055875668578264343e-02 3.134195052100827855e-02 1.674539774078839111e-02 9.266010121274616956e-03 2.021685787712053720e-02
3.809628615373578109e-01 3.367230529138357520e-01 1.474090269811678400e-01 nan 2.854174148212371698e-01 2.272740130512162782e-01 5.048154277433530152e-02 7.447395496753289601e-02 2.889124016745732784e-02 1.049329530973998337e-01 4.086403444850452565e-02 7.547386846364541324e-02 1.607383185605434639e-01 1.832967502522322156e-01 2.260315369514466835e-02 2.476136336469768606e-01 1.808236316043189407e-01 7.563795805149668705e-02 1.770214607528506345e-01 2.243068117006538353e-01 6.623041473969791537e-02 8.504638865609259746e-02 1.187712532832855272e-01 3.058305405346752048e-02 nan 8.454858001932770428e-02 7.904185848916550627e-02 2.535425252069642074e-02 4.751905508650532128e-02 3.099923432778445287e-02 6.422954867996914785e-02 6.909952726326486216e-02 9.413839991354819303e-02 3.744391898416261910e-02 4.596900577156398660e-02 5.301208998512380727e-02 1.241817997430071097e-01 5.926456918054285455e-02 2.694338315274890164e-02 1.518121915780855369e-01 5.509022963606336615e-02 3.065497162288519789e-02 1.254877548500892871e-02 1.625821711690163957e-02 1.237578293367771164e-02 3.968174498468562267e-02 1.333965101192092530e-02 2.350820280491520281e-02 4.444503149882545606e-02 2.737092359090368895e-02 1.798522421302038016e-02 2.598126487416143812e-02 2.757685597014633908e-02 2.116977943092215875e-02 4.140727065764820275e-02 3.031826489374882944e-02 3.211844943548556458e-02 3.521975723713154094e-02 2.125755298992806561e-02 2.751618265669292587e-02 2.718136272412727816e-01 2.886641207767684514e-02 2.840625495980984155e-02 1.607099619693917042e-02 1.662846535227817044e-02 1.570971054353080196e-02 2.195495801926658150e-02 2.333418065023786306e-02 3.597485331650148582e-02 2.031251710521085607e-02 1.364625934606939449e-02 2.885105784341154139e-02
nan nan 2.099641619349884580e-01 nan 1.707693057414993720e-01 3.809628615373578109e-01 1.438192838647300020e-01 1.101010667704736129e-01 5.342691152412105265e-02 1.821209058191011199e-01 3.835111012690009535e-02 1.092469815160791446e-01 1.821209058191011199e-01 2.854174148212371698e-01 4.543871228202504137e-02 4.357751717092057109e-01 2.718136272412727816e-01 3.809628615373578109e-01 2.125152900469710615e-01 1.950677444450527043e-01 5.046221317221189634e-02 6.396294591176418520e-02 1.438192838647300020e-01 3.582558740493173299e-02 nan 8.443598590836438877e-02 6.623041473969791537e-02 3.942551214450990688e-02 2.696097149505982324e-02 1.904037780418691220e-02 2.854858340667118174e-02 4.761345073695705254e-02 1.301063895550240157e-01 4.634371926127552749e-02 7.930844868213399179e-02 1.474090269811678400e-01 1.607383185605434639e-01 9.735229201872330762e-02 5.301208998512380727e-02 1.607383185605434639e-01 6.056789601695504455e-02 4.078577761646303562e-02 1.596257046847699562e-02 1.772345096697885286e-02 1.474319732093114579e-02 4.682761188893827531e-02 1.529080219984860559e-02 3.796844375183174719e-02 4.501788330185647891e-02 4.279797014639790537e-02 2.494152056638336210e-02 3.924076970971046574e-02 4.277566100061627047e-02 2.299730393983407881e-02 4.705874046359063284e-02 3.135130998648601175e-02 3.992131871301409646e-02 2.477010437030633533e-02 3.442554479565726466e-02 3.113682406693383045e-02 2.272740130512162782e-01 3.245321542687983063e-02 2.776710262921023437e-02 1.972695810108945902e-02 1.568109565724758181e-02 1.519455832525678542e-02 2.046335218774738424e-02 1.888622500972990045e-02 3.168369049586876318e-02 2.270519248726164327e-02 1.622715841412970816e-02 3.360800271243361004e-02
