nan nan nan nan nan nan nan 3.614457831325301046e-02 5.294117647058823456e-02 nan 1.799100449775112298e-02 nan nan 1.626016260162601590e-01 3.028009084027252079e-02 2.288732394366197187e-01 6.278026905829596493e-02 9.664694280078894861e-02 3.280839895013123453e-01 2.888888888888888618e-01 2.362204724409448786e-01 1.756440281030444972e-01 8.913043478260869457e-02 3.791250959324635184e-01 nan 1.662198391420911525e-01 1.702898550724637750e-01 1.607390300230946978e-01 2.284215546018120990e-01 3.401214719542693943e-01 1.067031463748289999e-01 1.346534653465346620e-01 1.614583333333333426e-01 8.793969849246231762e-02 6.506849315068492789e-02 nan nan nan nan nan nan nan nan nan nan nan nan nan nan nan nan nan nan nan 1.818181818181818232e-01 nan 7.692307692307692735e-02 nan nan 1.956521739130434867e-01 nan nan nan nan 2.040816326530612082e-02 1.194968553459119509e-01 nan nan nan nan nan nan
nan nan nan nan 7.272727272727272374e-02 nan nan 6.598984771573604413e-02 5.246589716684155191e-02 nan 1.029263370332997030e-01 5.291005291005290712e-02 1.118012422360248476e-01 1.752577319587628746e-01 8.047016274864375596e-02 8.387096774193548987e-02 8.421052631578947179e-02 1.674208144796379971e-01 1.702127659574468044e-01 nan 1.013513513513513570e-01 9.148936170212765284e-02 3.422053231939163609e-02 3.116883116883116811e-01 nan 3.750000000000000000e-01 3.290488431876606445e-01 1.267526640493550072e-01 3.925661914460285007e-01 1.917866215071973024e-01 1.721311475409836034e-01 5.910543130990415089e-02 2.256637168141592820e-01 1.377990430622009488e-01 1.908396946564885552e-02 2.564102564102564014e-02 nan nan nan nan nan nan nan nan nan nan nan nan nan nan nan nan nan nan nan nan nan nan nan nan nan nan 1.007751937984496110e-01 nan 1.199999999999999956e-01 6.050955414012738898e-02 6.024096385542168641e-02 nan nan nan nan nan
nan nan nan nan 7.009345794392522755e-02 7.511737089201878104e-02 1.184834123222748732e-02 3.271983640081799899e-02 4.541955350269438058e-02 5.785123966942148921e-02 2.200825309491059173e-02 1.785714285714285615e-02 nan 1.404958677685950452e-01 1.831750339213025769e-02 9.935897435897435293e-02 3.614457831325301046e-02 1.054091539528432681e-01 2.890756302521008680e-01 1.262135922330097082e-01 1.534988713318284348e-01 1.400000000000000133e-01 6.018518518518518184e-02 3.171102661596958416e-01 nan 2.116119174942704406e-01 2.674199623352165878e-01 6.505003849114703030e-02 4.306569343065693167e-01 2.944275020792902486e-01 1.318681318681318715e-01 6.694560669456066371e-02 1.929824561403508665e-01 1.299353912419239088e-01 1.701093560145807912e-02 2.325581395348837177e-02 nan nan nan nan nan nan nan nan nan nan nan nan nan nan nan nan nan nan nan nan nan nan nan 6.603773584905660299e-02 nan 6.382978723404254817e-02 6.796116504854368690e-02 2.803738317757009310e-02 1.310975609756097615e-01 5.826771653543307006e-02 2.803738317757009310e-02 nan nan 8.374384236453201458e-02 nan nan
nan nan nan nan nan nan nan 4.377880184331797014e-02 2.854996243425995603e-02 nan 2.223675604970569084e-02 2.675585284280936407e-02 nan 2.985074626865671585e-02 2.463054187192118341e-02 3.529411764705882304e-02 5.357142857142856845e-02 1.149674620390455509e-01 1.704918032786885140e-01 nan 1.343873517786561278e-01 1.211778029445073623e-01 3.214285714285713969e-02 2.013752455795677909e-01 nan 3.449541284403669916e-01 4.135855546001719896e-01 9.009009009009008584e-02 4.594232059020791348e-01 1.459031373743527316e-01 2.521395655036208217e-01 1.004056795131845897e-01 3.238770685579196451e-01 1.403260099220411117e-01 2.763819095477387106e-02 1.477832512315270866e-02 nan nan nan nan nan nan nan nan 4.895104895104895187e-02 nan nan nan nan nan nan nan nan nan nan nan nan 5.263157894736841813e-02 nan nan nan nan 1.578947368421052544e-01 nan 2.176258992805755466e-01 5.238095238095238221e-02 7.407407407407406996e-02 4.123711340206185488e-02 4.597701149425287293e-02 9.302325581395348708e-02 nan nan
nan nan nan nan 1.168831168831168804e-01 nan nan 8.914728682170543206e-02 8.802816901408450079e-02 5.263157894736841813e-02 4.121212121212121382e-02 nan 5.696202531645569445e-02 2.977777777777777524e-01 8.353221957040572743e-02 1.187904967602591844e-01 6.412213740458015676e-02 2.142857142857142738e-01 2.413793103448275967e-01 1.818181818181818232e-01 1.916299559471365543e-01 9.298780487804877981e-02 4.556962025316455694e-02 5.512820512820513219e-01 nan 2.846865364850976188e-01 2.413381123058542521e-01 1.393884892086330873e-01 3.166536356528538154e-01 2.681970884658454457e-01 1.311475409836065642e-01 6.706408345752608302e-02 3.019480519480519654e-01 7.593688362919132073e-02 4.384485666104553231e-02 nan nan nan nan nan nan nan nan nan nan nan nan nan nan nan nan nan nan nan 1.884057971014492794e-01 nan nan nan nan 3.200000000000000067e-01 nan nan 6.818181818181817677e-02 3.754266211604095904e-02 3.578947368421052377e-02 8.131868131868132121e-02 nan nan nan nan nan nan
nan nan nan nan 2.000000000000000111e-01 nan nan 4.310344827586207184e-02 6.756756756756757132e-02 nan 4.116638078902230130e-02 nan 6.382978723404254817e-02 1.195652173913043514e-01 8.870116156282999154e-02 5.263157894736841813e-02 9.139784946236559349e-02 2.086021505376343954e-01 2.622222222222222454e-01 8.928571428571428770e-02 2.076271186440677985e-01 4.166666666666666435e-02 7.924528301886792081e-02 4.194285714285714284e-01 nan 3.440860215053763715e-01 2.526315789473684292e-01 2.660944206008583612e-01 2.999035679845708513e-01 2.280945757997218382e-01 1.157894736842105254e-01 3.264094955489614536e-02 1.770833333333333426e-01 9.635036496350364577e-02 4.013377926421404784e-02 nan nan nan nan nan nan nan nan nan nan nan nan nan nan nan nan nan nan nan nan nan nan nan nan nan nan nan nan 1.848739495798319421e-01 nan 1.098901098901098883e-01 nan nan nan nan nan nan
nan nan nan nan 1.134020618556701027e-01 nan 2.479338842975206680e-02 5.325443786982248656e-02 3.417721518987341944e-02 nan 3.133640552995391876e-02 nan nan 3.316831683168317002e-01 6.456241032998565055e-02 1.750902527075812176e-01 9.927007299270072804e-02 1.624850657108721508e-01 2.164781906300484726e-01 1.825396825396825295e-01 2.189349112426035582e-01 7.829181494661921481e-02 7.235890014471779708e-02 4.678848283499446037e-01 nan 1.897565071368597922e-01 2.187500000000000000e-01 2.146074646074646042e-01 2.036351396836082184e-01 2.804272230501738683e-01 3.703703703703703498e-02 4.050632911392405139e-02 7.812500000000000000e-02 7.804131599081866322e-02 1.865671641791044610e-02 2.797202797202797200e-02 nan nan nan nan nan nan nan nan nan nan nan nan nan nan nan nan nan nan 1.818181818181818232e-01 nan 1.454545454545454475e-01 nan nan 3.478260869565217295e-01 nan nan nan 2.374100719424460382e-01 2.061855670103092744e-02 1.702127659574468044e-01 nan nan nan nan nan nan
nan nan nan nan 1.463414634146341375e-01 8.641975308641974829e-02 3.163444639718804990e-02 9.675366008911520654e-02 9.611398963730570510e-02 9.710743801652892138e-02 8.968390100465571668e-02 6.398996235884567285e-02 6.434782608695652217e-02 1.259259259259259134e-01 4.490246595509753136e-02 4.987531172069825658e-02 3.318584070796460478e-02 1.267267267267267183e-01 2.698113207547169767e-01 3.508771929824561209e-02 1.286307053941908585e-01 1.937500000000000056e-01 3.786574870912220309e-02 1.987951807228915679e-01 nan 5.140318054256314273e-01 5.891415994130594358e-01 1.845425867507886342e-01 2.981313217898165502e-01 1.928411633109619605e-01 3.395387607668796659e-01 1.643913538111490269e-01 4.041237113402061931e-01 2.931034482758620441e-01 6.928999144568007140e-02 6.007509386733416584e-02 nan nan nan nan nan nan nan 3.481012658227847917e-02 3.503184713375796094e-02 nan nan nan nan nan 3.007518796992481036e-02 nan nan nan nan nan nan 1.057692307692307682e-01 nan nan nan 1.259842519685039353e-01 2.803970223325061850e-01 5.263157894736841813e-02 9.742647058823529493e-02 5.329949238578680221e-02 1.407185628742514960e-01 9.395973154362416424e-02 1.585365853658536606e-01 8.158995815899582060e-02 nan nan
nan nan nan nan 1.084337349397590383e-01 1.779359430604982306e-01 4.311543810848400549e-02 7.150837988826815039e-02 1.089459698848538466e-01 4.907975460122699501e-02 1.057034220532319380e-01 6.122448979591836593e-02 8.000000000000000167e-02 8.441558441558441594e-02 1.251422070534698450e-01 3.333333333333333287e-02 6.619385342789597948e-02 1.858927259368111651e-01 4.324817518248175174e-01 nan 1.301518438177874104e-01 2.192192192192192191e-01 4.632152588555858014e-02 2.888117953165654783e-01 1.235955056179775247e-01 6.586506346025383651e-01 5.357737104825290864e-01 2.796642502861503288e-01 3.648108274377114824e-01 2.494109727364523799e-01 3.363486842105263275e-01 1.148577449947312951e-01 3.324175824175824023e-01 3.599452554744525523e-01 5.073529411764705899e-02 5.202312138728323876e-02 nan nan nan nan nan nan nan nan 1.363636363636363570e-02 nan nan nan nan nan nan nan nan nan nan nan nan nan nan nan nan 4.838709677419354982e-01 3.437500000000000000e-01 1.012658227848101250e-01 1.792114695340501773e-01 1.020408163265306145e-01 1.214285714285714274e-01 nan nan 1.666666666666666574e-01 2.222222222222222307e-02 nan
nan nan nan nan 1.758241758241758379e-01 1.201923076923076955e-01 5.687203791469194053e-02 1.046511627906976799e-01 1.032524522457408389e-01 6.477732793522267274e-02 1.542016806722689148e-01 8.490566037735848559e-02 1.146131805157593192e-01 1.303258145363408449e-01 1.471011020603737451e-01 3.421052631578947595e-02 8.037825059101655345e-02 2.580185317177476900e-01 4.296875000000000000e-01 3.636363636363636187e-02 1.766990291262136026e-01 1.490196078431372528e-01 8.815426997245179308e-02 2.213438735177865602e-01 nan 6.338028169014084945e-01 4.708171206225680860e-01 3.029510646245797689e-01 2.608506944444444198e-01 2.022471910112359494e-01 2.639751552795031042e-01 7.788595271210013715e-02 2.867924528301886711e-01 3.500496524329692050e-01 7.131011608623548381e-02 6.132075471698113234e-02 nan nan nan nan nan nan nan nan nan nan nan nan nan nan 7.843137254901960675e-02 5.263157894736841813e-02 nan 5.524861878453038444e-02 nan nan 1.296296296296296224e-01 nan nan 3.023255813953488191e-01 nan 4.146341463414633943e-01 1.486486486486486569e-01 3.873873873873873719e-01 nan 3.388429752066115519e-01 nan nan nan 1.435897435897435792e-01 nan nan
nan nan nan nan nan nan nan nan 3.053435114503816675e-02 nan nan nan nan nan nan nan nan nan 2.380952380952380820e-02 nan nan 2.500000000000000139e-02 nan 7.936507936507936067e-02 nan nan 3.676470588235294240e-02 nan 4.872389791183294461e-02 7.862903225806451568e-02 nan 9.333333333333333759e-02 nan 3.684210526315789130e-02 6.153846153846154188e-02 nan nan nan nan nan 6.410256410256409687e-02 3.809523809523809867e-02 3.797468354430379861e-02 4.335260115606936332e-02 1.473551637279597037e-01 nan 3.576158940397351077e-02 nan nan 4.119850187265917257e-02 4.716981132075472039e-02 1.309523809523809590e-01 nan 2.904564315352697185e-02 3.317535545023696519e-01 3.265306122448979331e-01 2.447817836812144210e-01 2.468152866242038224e-01 7.222222222222221544e-02 3.559850374064837952e-01 nan 1.858190709046454725e-01 2.266009852216748777e-01 5.460608586911212814e-02 3.107420305384409054e-01 3.816091954022988730e-01 1.273317112733171053e-01 2.269417475728155442e-01 1.961165048543689338e-01 7.685664939550949926e-02 6.020942408376963456e-02 nan
nan nan nan nan nan nan nan nan nan nan nan nan nan nan nan nan nan nan 2.727272727272727071e-01 nan nan nan nan 2.486772486772486634e-01 nan nan nan 2.596153846153846367e-01 1.041666666666666713e-01 3.240223463687150751e-01 nan nan nan nan nan nan nan nan nan nan nan nan nan 1.621621621621621712e-02 3.200000000000000067e-02 nan 1.327433628318584052e-02 nan 5.128205128205128027e-02 1.754385964912280604e-01 7.183010618363522282e-02 3.355481727574750606e-01 1.979166666666666574e-01 8.256880733944954587e-02 3.022388059701492380e-01 1.857142857142857206e-01 2.920353982300885054e-01 6.701940035273368235e-02 2.304347826086956541e-01 4.044622425629290641e-01 nan 1.799307958477508740e-01 9.557109557109556841e-02 2.692307692307692180e-01 1.733547351524879487e-01 3.604703753957485546e-01 4.515272244355909848e-02 4.517133956386292643e-02 5.106382978723403993e-02 8.424336973478939450e-02 1.895734597156398249e-02 3.448275862068965469e-02
nan nan nan nan nan nan nan nan nan nan nan nan nan nan nan nan nan nan nan nan nan nan nan nan nan 8.108108108108108558e-02 7.920792079207920888e-02 nan 1.244343891402714952e-01 3.893442622950819831e-02 nan nan nan 9.039548022598870025e-02 nan nan nan nan nan nan 1.829268292682926719e-02 1.818181818181818094e-02 4.748603351955307111e-02 4.731861198738170071e-02 4.203262233375156670e-02 nan 4.059829059829059977e-02 2.873563218390804558e-02 nan 1.986531986531986649e-01 2.343750000000000000e-02 1.604477611940298420e-01 2.985074626865671585e-02 4.153354632587859252e-02 2.881355932203389925e-01 1.610169491525423602e-01 1.642599277978339378e-01 2.209944751381215378e-01 4.073319755600814801e-02 2.670906200317965107e-01 nan 1.392617449664429463e-01 2.012820512820512886e-01 5.308690523004325895e-02 3.894101876675603036e-01 3.014240506329113889e-01 8.840090090090090003e-02 1.305220883534136678e-01 1.493506493506493449e-01 8.114856429463171428e-02 2.459016393442622905e-02 1.661129568106312418e-02
nan nan nan nan nan nan nan nan nan nan nan nan nan nan nan nan nan nan nan nan nan nan nan nan nan nan nan nan 4.680851063829787051e-02 4.687500000000000000e-02 nan nan nan nan nan nan nan nan nan nan 2.000000000000000111e-01 nan 3.169014084507042195e-02 3.591160220994474989e-02 8.384458077709611157e-02 7.692307692307692735e-02 5.374280230326295565e-02 nan 4.729729729729729992e-02 2.849462365591398094e-01 5.094786729857819774e-02 1.104651162790697694e-01 8.368200836820083310e-02 1.197604790419161680e-01 1.781737193763919813e-01 1.428571428571428492e-01 1.374045801526717625e-01 1.017699115044247843e-01 1.818181818181818094e-02 4.015645371577574729e-01 nan 4.126394052044609628e-01 3.889447236180904599e-01 1.205141938939475049e-01 3.541202672605790469e-01 1.929012345679012308e-01 2.114779874213836564e-01 1.064572425828970298e-01 2.606924643584521140e-01 1.402251791197543507e-01 9.960159362549800624e-03 2.304147465437788103e-02
nan nan nan nan nan nan nan nan nan nan nan nan nan nan nan nan nan nan nan nan nan 4.026845637583892357e-02 nan nan nan nan 1.413043478260869457e-01 nan 1.763565891472868297e-01 8.474576271186440649e-03 5.806451612903226062e-02 nan nan 1.523809523809523947e-01 2.339181286549707472e-02 nan nan nan nan nan nan 1.834862385321101019e-02 3.274215552523874334e-02 1.846452866861029996e-02 3.940321346595256069e-02 nan 2.941176470588235253e-02 2.553191489361701996e-02 nan 8.353221957040572743e-02 2.889034799737360409e-02 4.794520547945205213e-02 1.892744479495268167e-02 7.234432234432235098e-02 2.475884244372990317e-01 3.816793893129771104e-02 1.357615894039735094e-01 1.244167962674961186e-01 1.162790697674418589e-02 2.114803625377643381e-01 nan 2.326185834957764653e-01 2.936394069823051178e-01 6.989393527332064815e-02 3.578500707213578269e-01 1.868243243243243312e-01 1.768502581755593828e-01 1.031276415891800441e-01 2.326139088729016757e-01 1.260330578512396660e-01 2.133850630455868050e-02 2.211302211302211204e-02
nan nan nan nan nan nan nan nan nan nan nan nan nan nan nan nan nan nan nan nan nan nan nan 3.039999999999999925e-01 nan nan nan 2.666666666666666630e-01 7.352941176470588480e-02 2.055335968379446709e-01 nan nan nan nan nan nan nan nan nan nan 6.862745098039216285e-02 nan nan 7.627118644067797104e-02 1.001494768310911831e-01 nan 8.089668615984405009e-02 nan 8.552631578947368640e-02 3.357271095152603024e-01 1.319612590799031371e-01 1.856725146198830445e-01 2.147766323024054846e-01 1.477794793261868189e-01 2.281021897810218968e-01 1.037735849056603821e-01 2.413381123058542521e-01 6.187624750499001736e-02 1.300813008130081438e-01 4.993573264781491217e-01 nan 3.442069741282339779e-01 2.899575671852899772e-01 3.489396860369044506e-01 2.292284866468842774e-01 2.624113475177304866e-01 8.390646492434662707e-02 2.008928571428571577e-02 1.390977443609022479e-01 1.010719754977029150e-01 4.415584415584415667e-02 6.060606060606060774e-02
nan nan nan nan nan nan nan nan nan nan nan nan nan nan nan nan nan nan nan nan nan nan nan 2.562814070351758788e-01 nan 1.951219512195122019e-01 nan 1.507537688442210921e-01 nan 1.283018867924528295e-01 nan nan nan nan nan nan nan nan nan nan nan nan nan 8.000000000000000167e-02 1.458966565349543998e-01 nan 7.761732851985560233e-02 nan nan 4.864864864864865135e-01 7.568238213399504366e-02 1.272727272727272596e-01 1.181818181818181795e-01 2.485549132947976747e-01 3.066666666666666430e-01 2.527472527472527375e-01 1.720779220779220797e-01 6.637168141592920956e-02 1.162790697674418589e-01 4.944707740916271521e-01 nan 3.835182250396196313e-01 2.508896797153025160e-01 2.096774193548387177e-01 2.620932277924362119e-01 2.899022801302931773e-01 1.446028513238289126e-01 5.371900826446281141e-02 2.795031055900620842e-01 9.233176838810641662e-02 1.304347826086956486e-01 nan
nan nan nan nan nan nan nan nan nan nan nan nan nan nan nan nan nan nan nan nan nan nan nan 4.224137931034482873e-01 nan 7.352941176470588480e-02 nan 5.154639175257731687e-02 3.012048192771084321e-02 8.433734939759035543e-02 nan nan nan nan nan nan nan nan nan nan 7.207207207207207145e-02 nan 1.915708812260536256e-02 4.054054054054054279e-02 6.257822277847309433e-02 nan 1.599326599326599332e-02 nan nan 1.232876712328767055e-01 4.421768707482993249e-02 1.637426900584795231e-01 1.117764471057884207e-01 1.160520607375271213e-01 1.865569272976680404e-01 2.240663900414937848e-01 1.473396998635743416e-01 8.836524300441826740e-02 5.263157894736841813e-02 4.831338411316648540e-01 nan 1.480331262939958703e-01 1.324444444444444480e-01 1.342315369261476987e-01 2.356796808207466398e-01 2.751409347154027962e-01 7.704918032786885196e-02 1.020656136087484817e-01 1.840909090909090828e-01 5.195783132530120557e-02 3.073286052009456190e-02 1.652892561983471120e-02
nan nan nan nan nan nan nan nan nan nan nan nan nan nan nan nan nan nan nan nan nan nan nan nan nan 2.621359223300970820e-01 5.877192982456140857e-01 nan 1.955307262569832283e-01 nan 3.796296296296296502e-01 1.025641025641025605e-01 nan 1.757575757575757514e-01 nan nan nan nan nan nan 1.180124223602484479e-01 1.040462427745664775e-01 2.999999999999999889e-02 6.946983546617915839e-02 8.681462140992167453e-02 nan 1.583284284873454906e-01 5.633802816901408578e-02 1.327433628318584191e-01 1.231884057971014551e-01 9.190172884440400702e-02 6.046511627906976660e-02 2.316602316602316483e-02 1.130434782608695649e-01 4.548192771084337283e-01 4.724409448818897572e-02 1.917293233082706660e-01 2.929515418502202651e-01 2.955665024630541732e-02 1.802721088435374208e-01 nan 5.038071065989847552e-01 6.477663230240550130e-01 2.255225522552255224e-01 3.208598726114649802e-01 2.662372517444981379e-01 4.210898796886057838e-01 2.099792099792099909e-01 4.444444444444444198e-01 3.772136953955135819e-01 6.495263870094722392e-02 7.194244604316546443e-02
nan nan nan nan nan nan nan 4.411764705882353227e-02 1.662049861495844966e-02 nan nan nan nan nan nan nan nan nan nan nan nan nan nan nan nan 2.830188679245282946e-01 4.863387978142076351e-01 nan 9.624413145539906234e-02 2.564102564102564014e-02 1.000000000000000056e-01 4.054054054054054279e-02 nan 4.105571847507331201e-02 nan nan nan nan nan nan 1.345454545454545514e-01 4.347826086956521618e-02 4.016620498614958262e-02 6.353861192570869898e-02 9.313567515307766276e-02 nan 1.161382258639116483e-01 3.978779840848806204e-02 4.494382022471909988e-02 1.518026565464895561e-01 6.013986013986014068e-02 6.309148264984226762e-02 1.321585903083700476e-02 1.272865853658536606e-01 1.447124304267161377e-01 3.517587939698492427e-02 9.338521400778210246e-02 1.930036188178528289e-01 3.191489361702127409e-02 1.692982456140350866e-01 nan 4.440063091482649993e-01 5.915655690352397134e-01 1.695526695526695660e-01 2.341628959276018107e-01 1.739707835325365326e-01 2.958626073380171695e-01 1.250000000000000000e-01 4.303664921465968352e-01 2.348638764729784612e-01 3.166783954961294861e-02 5.893186003683241470e-02
nan nan nan nan nan nan nan 7.017543859649122417e-02 4.958677685950413361e-02 nan 5.633802816901408578e-02 nan nan nan nan nan nan nan nan nan 6.153846153846154188e-02 nan nan nan nan 4.296875000000000000e-01 2.135922330097087263e-01 4.529616724738676214e-02 9.937888198757763303e-02 3.529411764705882304e-02 1.284403669724770714e-01 nan nan 1.436950146627566094e-01 nan nan nan nan nan nan 2.500000000000000000e-01 3.488372093023255766e-02 2.380952380952380820e-02 6.863780359028510969e-02 8.872549019607843535e-02 5.035971223021582649e-02 1.177777777777777729e-01 2.040816326530612082e-02 1.616541353383458557e-01 1.010526315789473661e-01 1.266110689916603582e-01 6.842105263157895190e-02 7.588075880758807235e-02 2.031700288184438152e-01 3.333333333333333148e-01 3.448275862068965469e-02 1.370786516853932657e-01 1.818181818181818232e-01 4.668304668304668059e-02 2.782694198623402171e-01 nan 6.637426900584795231e-01 5.489361702127659726e-01 2.459194776931447335e-01 2.838412473423104210e-01 2.281021897810218968e-01 2.494969818913480852e-01 1.004636785162287549e-01 3.017656500802567976e-01 3.453853472882968401e-01 4.181184668989547382e-02 8.854166666666667129e-02
nan nan nan nan nan nan nan nan nan nan 3.937007874015747977e-02 nan nan nan nan nan nan nan nan nan nan nan nan nan nan 2.315789473684210509e-01 nan 8.121827411167512056e-02 3.636363636363636187e-02 1.351351351351351426e-02 nan nan nan 1.355140186915887723e-01 nan nan nan nan nan nan 1.835443037974683611e-01 5.185185185185185036e-02 2.415458937198067604e-02 4.593639575971731476e-02 9.097080787508486643e-02 nan 1.362229102167182571e-01 5.590062111801242378e-02 1.063829787234042562e-01 2.311827956989247201e-01 2.954014029618082793e-01 1.213235294117647051e-01 1.400778210116731537e-01 2.591529073941134520e-01 3.253968253968254065e-01 3.571428571428571230e-02 2.477678571428571508e-01 7.289293849658314006e-02 1.121212121212121215e-01 2.830423940149626172e-01 nan 6.411483253588516895e-01 3.623693379790940972e-01 3.207635009310986773e-01 1.873949579831932777e-01 1.539170506912442282e-01 1.680933852140077955e-01 4.130434782608695399e-02 1.592233009708737823e-01 3.341389728096677003e-01 4.692082111436950143e-02 5.527638190954774211e-02
