4.779005524861878462e-01 2.388451443569553911e-01 3.099999999999999978e-01 2.087682672233820425e-01 4.011299435028248817e-01 2.820512820512820484e-01 3.863247863247863401e-01 1.672597864768683162e-01 1.717171717171717127e-01 1.622418879056047314e-01 1.666666666666666574e-01 nan nan nan nan nan nan nan nan nan nan nan
1.818181818181818232e-01 6.405797101449275388e-01 4.208242950108460056e-01 4.004854368932038722e-01 3.694117647058823284e-01 3.521126760563380031e-01 2.091690544412607433e-01 3.307593307593307830e-01 3.892100192678227266e-01 3.419689119170984393e-01 nan nan nan nan nan nan nan nan nan nan nan nan
2.948717948717948789e-01 4.497153700189753245e-01 6.439089692101740425e-01 3.847262247838616478e-01 3.993344425956738553e-01 2.590673575129533446e-01 2.456479690522243575e-01 2.664783427495291956e-01 2.442019099590723163e-01 1.672661870503596993e-01 7.272727272727272374e-02 nan 2.269938650306748407e-01 1.341463414634146423e-01 1.317365269461077959e-01 nan nan nan 1.791044776119402882e-01 nan 1.066666666666666735e-01 nan
1.613756613756613667e-01 4.889434889434889353e-01 4.072992700729927140e-01 6.316507503410641045e-01 2.175502742230347453e-01 2.588832487309644659e-01 1.323529411764705899e-01 4.125214408233275898e-01 3.682634730538922319e-01 3.056994818652849499e-01 nan nan 1.023622047244094474e-01 nan 2.578125000000000000e-01 nan nan nan 1.509433962264150886e-01 1.625000000000000056e-01 nan nan
4.041095890410958957e-01 4.435897435897435681e-01 3.419243986254295598e-01 3.191881918819188257e-01 6.642728904847396976e-01 4.553571428571428492e-01 4.731182795698924970e-01 2.410501193317422519e-01 3.284210526315789469e-01 2.484725050916496980e-01 nan 1.794871794871794879e-01 8.235294117647058709e-02 nan 2.484472049689440826e-02 nan nan 3.239436619718309984e-01 nan nan nan nan
3.736842105263157854e-01 3.531914893617021378e-01 3.076923076923077094e-01 3.659574468085106114e-01 3.922155688622754321e-01 5.242290748898678077e-01 4.041095890410958957e-01 2.526315789473684292e-01 3.860182370820668951e-01 3.187499999999999778e-01 nan nan nan nan nan nan nan nan nan nan nan nan
3.617021276595744905e-01 2.425531914893616914e-01 3.099762470308788376e-01 1.422222222222222221e-01 3.893805309734513220e-01 3.777777777777777679e-01 5.882352941176470784e-01 2.169919632606199800e-01 2.019230769230769273e-01 1.792114695340501773e-01 nan 3.009708737864077444e-01 nan nan nan nan nan 2.857142857142856984e-01 nan nan nan nan
1.383495145631067902e-01 3.326133909287257162e-01 2.133757961783439572e-01 4.208977189109639472e-01 2.290249433106575916e-01 2.198275862068965469e-01 1.415094339622641473e-01 5.893186003683241747e-01 5.432525951557093391e-01 4.783983140147523572e-01 5.442176870748299117e-02 nan 7.619047619047619735e-02 9.459459459459459985e-02 1.521739130434782705e-01 nan nan nan 3.269230769230769273e-01 2.469635627530364363e-01 1.400000000000000133e-01 nan
1.788079470198675469e-01 4.548802946593001884e-01 3.492822966507176941e-01 4.384724186704384574e-01 3.009345794392523366e-01 3.688212927756653881e-01 2.018348623853211121e-01 5.389121338912133963e-01 6.670854271356784215e-01 6.358296622613802684e-01 nan nan nan nan 3.108108108108108003e-01 nan nan nan 3.653846153846153633e-01 3.375000000000000222e-01 5.076923076923076650e-01 nan
2.035398230088495686e-01 4.162561576354679715e-01 2.035928143712574800e-01 3.394495412844036886e-01 2.298850574712643646e-01 2.228571428571428648e-01 2.184210526315789602e-01 4.687500000000000000e-01 6.308623298033282367e-01 6.342668863261944345e-01 nan nan nan nan nan nan nan nan nan nan nan nan
1.100917431192660612e-01 nan 4.371584699453551909e-02 nan nan nan nan 3.676470588235294240e-02 nan nan 5.541619156214366848e-01 2.604340567612687951e-01 4.346504559270516488e-01 2.723492723492723644e-01 2.615384615384615530e-01 1.886446886446886406e-01 4.296875000000000000e-01 4.408468244084682297e-01 2.193877551020408101e-01 2.336601307189542509e-01 2.405566600397614219e-01 9.309309309309309055e-02
4.181818181818181546e-01 nan nan nan 2.203389830508474534e-01 nan 2.429906542056074759e-01 nan nan nan 3.061224489795918435e-01 5.642023346303501885e-01 2.039999999999999869e-01 1.435523114355231056e-01 2.529032258064516370e-01 5.029126213592233219e-01 3.639705882352941013e-01 3.620146904512067110e-01 7.871720116618076413e-02 1.035156250000000000e-01 1.795332136445242366e-01 1.769911504424778736e-01
2.362204724409448786e-02 nan 2.065217391304347838e-01 6.578947368421052266e-02 nan nan nan 7.920792079207920888e-02 1.066666666666666735e-01 nan 3.518930957683741867e-01 1.942078364565587856e-01 5.820591233435270517e-01 3.605015673981191160e-01 3.985130111524163299e-01 1.697674418604651070e-01 2.242990654205607448e-01 3.480392156862744946e-01 2.299465240641711261e-01 1.844466600199401729e-01 1.713483146067415752e-01 9.504950495049505066e-02
nan nan nan nan nan nan nan nan nan nan 2.086167800453514742e-01 1.100000000000000006e-01 2.961876832844574925e-01 6.148936170212766505e-01 4.401913875598086334e-01 3.533834586466165217e-01 5.955882352941176405e-01 3.591160220994475405e-01 4.086538461538461453e-01 3.787085514834205857e-01 4.551282051282051211e-01 3.408450704225352013e-01
nan 1.724137931034482873e-01 1.151515151515151575e-01 2.716763005780346574e-01 nan nan nan 1.413043478260869457e-01 nan nan 1.503094606542882405e-01 1.437125748502993960e-01 3.308214016578748806e-01 4.004376367614879695e-01 4.963002114164904999e-01 1.837121212121212155e-01 1.708542713567839100e-01 2.372697724810400866e-01 3.301104972375690783e-01 2.755326965466568523e-01 2.850241545893719697e-01 1.777188328912466808e-01
nan nan nan nan nan nan 3.658536585365853577e-01 nan nan nan 1.889204545454545581e-01 4.520000000000000129e-01 2.251308900523560086e-01 2.718808193668528772e-01 2.511627906976744429e-01 6.395939086294416542e-01 5.373831775700934621e-01 3.822341857335128101e-01 2.150943396226415172e-01 3.294663573085847008e-01 3.467153284671533053e-01 3.180592991913746559e-01
nan nan nan nan 5.892857142857143016e-01 nan 1.044776119402985037e-01 nan nan nan 3.982300884955752296e-01 3.240740740740740700e-01 2.332361516034985316e-01 3.935742971887550290e-01 2.507374631268436405e-01 5.175879396984924830e-01 7.173913043478260532e-01 3.762711864406779738e-01 2.122641509433962348e-01 2.693409742120344008e-01 3.450292397660818522e-01 4.158415841584158223e-01
1.346153846153846090e-01 nan nan nan nan nan 3.970588235294117418e-01 nan nan nan 3.530106257378984869e-01 4.379844961240310086e-01 2.880085653104925147e-01 2.603305785123967153e-01 2.736363636363636220e-01 3.969335604770016790e-01 3.794326241134751698e-01 5.621118012422360311e-01 1.064814814814814825e-01 1.459854014598540028e-01 1.708463949843260221e-01 1.016949152542372947e-01
nan nan 2.711864406779661008e-01 nan nan nan nan 5.877192982456140857e-01 nan 1.864406779661016977e-01 2.452830188679245293e-01 1.609756097560975652e-01 2.518939393939393923e-01 4.164904862579281164e-01 3.485254691689008144e-01 1.658031088082901616e-01 4.086956521739130710e-01 9.677419354838709409e-02 6.827956989247311315e-01 6.329923273657288574e-01 5.445544554455445940e-01 4.605911330049261010e-01
nan nan 6.547619047619047949e-02 1.111111111111111049e-01 nan nan nan 4.863387978142076351e-01 4.062500000000000000e-01 nan 1.636690647482014482e-01 1.071428571428571369e-01 1.856287425149700521e-01 3.923444976076554958e-01 2.773826458036984244e-01 1.951219512195122019e-01 2.171945701357466119e-01 1.292246520874751614e-01 5.997267759562842082e-01 5.855397148676171337e-01 5.420974889217133885e-01 3.419773095623986903e-01
nan nan 6.849315068493150305e-02 nan nan nan nan 2.135922330097087263e-01 5.074626865671642006e-01 3.499999999999999778e-01 2.044088176352705510e-01 1.517615176151761447e-01 1.980198019801980291e-01 4.638783269961977429e-01 3.093363329583802002e-01 3.707865168539326017e-01 3.980099502487562391e-01 1.501103752759381793e-01 5.635964912280702066e-01 5.340751043115438135e-01 7.357414448669201690e-01 5.805825242718446466e-01
nan nan nan nan nan nan nan nan nan 2.666666666666666630e-01 6.626506024096386060e-02 1.270358306188925090e-01 1.099099099099099114e-01 3.069306930693069257e-01 2.013698630136986356e-01 3.767605633802816878e-01 3.735632183908045856e-01 1.583577712609970656e-01 3.901918976545842299e-01 3.467862481315396317e-01 6.377440347071583471e-01 6.615776081424936672e-01
