1.796875000000000000e+01 3.676171899999999937e+01 2.143750000000000000e+01 3.000000000000000000e+01 2.400000000000000000e+01 2.636718799999999874e+01 2.100000000000000000e+01 4.351953100000000063e+01 3.464843799999999874e+01 3.651757800000000032e+01 nan nan nan nan nan nan nan nan nan nan nan nan
nan 1.300000000000000000e+01 1.600000000000000000e+01 1.800000000000000000e+01 1.900000000000000000e+01 1.750000000000000000e+01 3.400000000000000000e+01 2.600000000000000000e+01 2.190625000000000000e+01 2.900000000000000000e+01 nan nan nan nan nan nan nan nan nan nan nan nan
2.675781200000000126e+01 1.406250000000000000e+01 1.500000000000000000e+01 1.996093799999999874e+01 2.067382800000000032e+01 nan 2.639062500000000000e+01 1.996093799999999874e+01 3.000000000000000000e+01 3.261718799999999874e+01 nan nan nan nan nan nan nan nan nan nan nan nan
3.457031200000000126e+01 1.800000000000000000e+01 2.100000000000000000e+01 1.800000000000000000e+01 2.613476599999999905e+01 2.341406200000000126e+01 nan 2.089843799999999874e+01 2.190625000000000000e+01 3.164062500000000000e+01 nan nan nan nan nan nan nan nan nan nan nan nan
2.382812500000000000e+01 2.400000000000000000e+01 2.143750000000000000e+01 2.700000000000000000e+01 1.992187500000000000e+01 2.092382800000000032e+01 1.998046899999999937e+01 3.662500000000000000e+01 3.091601599999999905e+01 3.215429699999999968e+01 nan nan nan nan nan nan nan nan nan nan nan nan
4.367968799999999874e+01 2.300000000000000000e+01 2.362109399999999937e+01 2.325000000000000000e+01 2.187500000000000000e+01 1.406250000000000000e+01 2.000000000000000000e+01 2.992187500000000000e+01 2.687890600000000063e+01 2.190625000000000000e+01 nan nan nan nan nan nan nan nan nan nan nan nan
2.243750000000000000e+01 3.945312500000000000e+01 2.773437500000000000e+01 3.377636700000000047e+01 2.358398400000000095e+01 2.187500000000000000e+01 1.406250000000000000e+01 2.968750000000000000e+01 4.238281200000000126e+01 3.261718799999999874e+01 nan nan nan nan nan nan nan nan nan nan nan nan
5.400000000000000000e+01 2.487500000000000000e+01 3.151855499999999921e+01 2.362109399999999937e+01 3.314843799999999874e+01 3.700000000000000000e+01 5.300000000000000000e+01 1.600000000000000000e+01 2.067382800000000032e+01 2.300000000000000000e+01 nan nan nan nan nan nan nan nan 3.164062500000000000e+01 4.042968799999999874e+01 nan nan
2.480468799999999874e+01 2.475000000000000000e+01 3.389843799999999874e+01 2.939941400000000016e+01 3.359375000000000000e+01 2.800000000000000000e+01 3.115234399999999937e+01 2.000000000000000000e+01 1.699609399999999937e+01 1.500000000000000000e+01 nan nan nan nan nan nan nan nan nan nan nan nan
3.300000000000000000e+01 2.871093799999999874e+01 5.104296899999999937e+01 2.992187500000000000e+01 2.968750000000000000e+01 2.500000000000000000e+01 4.970703100000000063e+01 2.600000000000000000e+01 1.700000000000000000e+01 1.700000000000000000e+01 nan nan nan nan nan nan nan nan nan nan nan nan
nan nan nan nan nan nan nan nan nan nan 1.700000000000000000e+01 2.773437500000000000e+01 2.200000000000000000e+01 3.017578100000000063e+01 3.359375000000000000e+01 4.360351599999999905e+01 2.817773400000000095e+01 2.431640600000000063e+01 3.239843799999999874e+01 3.400000000000000000e+01 4.200000000000000000e+01 nan
nan nan nan nan nan nan nan nan nan nan 3.232031200000000126e+01 2.187500000000000000e+01 3.290429699999999968e+01 4.910937500000000000e+01 3.750000000000000000e+01 1.900000000000000000e+01 2.200000000000000000e+01 1.601562500000000000e+01 nan 4.140625000000000000e+01 4.482421899999999937e+01 4.677734399999999937e+01
nan nan nan nan nan nan nan nan nan nan 1.992187500000000000e+01 2.600000000000000000e+01 1.894531200000000126e+01 2.534472699999999890e+01 2.200000000000000000e+01 2.400000000000000000e+01 nan 1.900000000000000000e+01 3.164062500000000000e+01 3.500000000000000000e+01 3.200000000000000000e+01 nan
nan nan nan nan nan nan nan nan nan nan 3.464843799999999874e+01 nan 2.578125000000000000e+01 2.187500000000000000e+01 2.200000000000000000e+01 2.100000000000000000e+01 2.578125000000000000e+01 2.968750000000000000e+01 3.151855499999999921e+01 2.578125000000000000e+01 2.773437500000000000e+01 2.600000000000000000e+01
nan nan nan nan nan nan nan nan nan nan 3.314843799999999874e+01 4.323730499999999921e+01 2.300000000000000000e+01 2.100000000000000000e+01 1.992187500000000000e+01 2.100000000000000000e+01 nan 3.450000000000000000e+01 2.846679699999999968e+01 2.578125000000000000e+01 3.200000000000000000e+01 2.700000000000000000e+01
nan nan nan nan nan nan nan nan nan nan 3.700000000000000000e+01 1.823632800000000032e+01 3.625000000000000000e+01 2.225000000000000000e+01 2.755078100000000063e+01 1.700000000000000000e+01 2.578125000000000000e+01 2.196875000000000000e+01 3.700000000000000000e+01 3.300000000000000000e+01 3.579101599999999905e+01 3.359375000000000000e+01
nan nan nan nan nan nan nan nan nan nan 3.314843799999999874e+01 3.029785199999999890e+01 3.018359399999999937e+01 2.578125000000000000e+01 3.100000000000000000e+01 2.300000000000000000e+01 1.057812500000000000e+01 2.000000000000000000e+01 nan 3.383789099999999905e+01 2.425000000000000000e+01 2.225000000000000000e+01
nan nan nan nan nan nan nan nan nan nan 2.478027300000000110e+01 1.872851599999999905e+01 2.500000000000000000e+01 2.288867199999999968e+01 2.800000000000000000e+01 1.992187500000000000e+01 1.600000000000000000e+01 1.600000000000000000e+01 nan 3.800000000000000000e+01 3.945312500000000000e+01 nan
nan nan nan nan nan nan nan 4.213867199999999968e+01 nan nan 4.042968799999999874e+01 nan 4.433593799999999874e+01 2.773437500000000000e+01 3.800000000000000000e+01 nan nan nan 1.870117199999999968e+01 2.100000000000000000e+01 2.480468799999999874e+01 2.578125000000000000e+01
nan nan nan nan nan nan nan 4.824218799999999874e+01 nan nan 3.379687500000000000e+01 nan 3.512500000000000000e+01 2.650000000000000000e+01 2.382812500000000000e+01 4.675000000000000000e+01 nan 2.431640600000000063e+01 2.020507800000000032e+01 1.900000000000000000e+01 2.242578100000000063e+01 2.550000000000000000e+01
nan nan nan nan nan nan nan nan nan nan 3.400000000000000000e+01 3.886914099999999905e+01 3.663671899999999937e+01 2.871093799999999874e+01 3.310546899999999937e+01 2.768945300000000032e+01 3.000000000000000000e+01 5.312500000000000000e+01 2.100000000000000000e+01 2.400000000000000000e+01 1.796875000000000000e+01 2.187500000000000000e+01
nan nan nan nan nan nan nan nan nan nan nan nan 3.359375000000000000e+01 2.625000000000000000e+01 4.100000000000000000e+01 2.900000000000000000e+01 1.400000000000000000e+01 4.120605499999999921e+01 2.578125000000000000e+01 2.800000000000000000e+01 2.190625000000000000e+01 1.981640600000000063e+01
