3.411860999999999677e+01 5.761435399999999873e+01 4.633169099999999929e+01 5.453753900000000243e+01 4.493485900000000299e+01 4.575326700000000102e+01 4.420022099999999909e+01 6.070806999999999931e+01 5.486994500000000130e+01 5.551203799999999688e+01 nan nan nan nan nan nan nan nan nan nan nan nan
nan 2.909965400000000102e+01 3.775044299999999708e+01 3.859524100000000146e+01 4.135208500000000242e+01 3.429645800000000122e+01 5.307159699999999702e+01 4.620810999999999780e+01 4.156120399999999648e+01 4.782433699999999988e+01 nan nan nan nan nan nan nan nan nan nan nan nan
4.418704100000000068e+01 3.404799599999999771e+01 3.310364200000000068e+01 3.964434099999999717e+01 4.121239400000000330e+01 nan 5.006200799999999873e+01 4.282633100000000326e+01 5.207225499999999840e+01 5.091250800000000254e+01 nan nan nan nan nan nan nan nan nan nan nan nan
5.358811500000000194e+01 3.644438999999999851e+01 3.853172599999999903e+01 3.518229399999999885e+01 4.886744999999999806e+01 4.392463200000000256e+01 nan 3.923512199999999694e+01 4.145812699999999751e+01 4.974318099999999987e+01 nan nan nan nan nan nan nan nan nan nan nan nan
4.675569399999999831e+01 4.480069100000000049e+01 4.734245399999999648e+01 5.082480600000000237e+01 3.769396100000000160e+01 4.342137699999999967e+01 3.851177200000000056e+01 5.756423999999999808e+01 5.178858699999999970e+01 5.587067799999999806e+01 nan nan nan nan nan nan nan nan nan nan nan nan
5.888473799999999869e+01 4.318867699999999843e+01 4.504816000000000287e+01 4.201199100000000186e+01 4.488746400000000136e+01 3.679300200000000132e+01 3.971130200000000343e+01 4.817040999999999684e+01 4.990375900000000087e+01 4.374134500000000259e+01 nan nan nan nan nan nan nan nan nan nan nan nan
4.409761799999999710e+01 5.625696700000000305e+01 4.774531499999999795e+01 5.773864700000000028e+01 4.096377799999999780e+01 4.365452700000000164e+01 3.173491599999999835e+01 5.031260300000000285e+01 5.766449699999999723e+01 5.597144500000000278e+01 nan nan nan nan nan nan nan nan nan nan nan nan
6.497231399999999724e+01 4.879232199999999864e+01 5.370950899999999706e+01 4.598744800000000055e+01 5.614207499999999840e+01 5.517011300000000062e+01 6.600772600000000523e+01 3.455687600000000259e+01 3.838479099999999988e+01 4.450311500000000109e+01 nan nan nan nan nan nan nan nan 5.060217500000000257e+01 5.753137799999999658e+01 nan nan
5.235938399999999859e+01 4.505778999999999712e+01 5.288325499999999835e+01 5.147421899999999795e+01 5.519162500000000193e+01 5.040455899999999900e+01 5.526384900000000044e+01 3.964299100000000209e+01 3.449389099999999786e+01 3.395595800000000253e+01 nan nan nan nan nan nan nan nan nan nan nan nan
5.471807100000000190e+01 5.066535700000000020e+01 6.275268100000000260e+01 5.051778900000000050e+01 5.353499300000000005e+01 4.303165099999999654e+01 6.116999200000000059e+01 4.799355500000000063e+01 3.663234400000000335e+01 3.418505499999999842e+01 nan nan nan nan nan nan nan nan nan nan nan nan
nan nan nan nan nan nan nan nan nan nan 3.549673700000000309e+01 5.006654400000000038e+01 4.335115799999999808e+01 5.345211100000000215e+01 5.442288899999999785e+01 5.616246999999999900e+01 5.424050100000000185e+01 4.605998400000000004e+01 5.987911299999999670e+01 5.583238599999999963e+01 6.131913399999999825e+01 nan
nan nan nan nan nan nan nan nan nan nan 5.169073499999999655e+01 4.960724700000000098e+01 5.216069199999999739e+01 6.112473500000000115e+01 5.640112799999999993e+01 4.158834300000000184e+01 4.698682099999999906e+01 4.057697600000000193e+01 nan 5.979193699999999723e+01 6.410343699999999956e+01 5.808844400000000263e+01
nan nan nan nan nan nan nan nan nan nan 4.265498900000000049e+01 4.911074599999999890e+01 3.794992700000000241e+01 4.020467099999999760e+01 4.265739800000000059e+01 4.761536799999999658e+01 nan 4.090419599999999889e+01 5.313414499999999663e+01 5.746003000000000327e+01 5.333260800000000046e+01 nan
nan nan nan nan nan nan nan nan nan nan 5.716818099999999703e+01 nan 4.257627200000000300e+01 3.610157600000000144e+01 4.097276800000000208e+01 3.937713999999999714e+01 4.096053400000000266e+01 4.730585899999999810e+01 5.036113300000000237e+01 4.683852999999999867e+01 4.847904700000000133e+01 4.800242800000000187e+01
nan nan nan nan nan nan nan nan nan nan 5.480908800000000269e+01 5.602533600000000291e+01 4.566441100000000120e+01 3.893713699999999989e+01 3.889955100000000243e+01 4.115512199999999865e+01 nan 5.160918800000000317e+01 4.981080000000000041e+01 4.651445400000000063e+01 5.067259500000000116e+01 4.512013199999999813e+01
nan nan nan nan nan nan nan nan nan nan 5.427003100000000302e+01 3.838316700000000026e+01 5.536166899999999913e+01 4.406834599999999824e+01 5.103005600000000186e+01 3.124646600000000163e+01 4.345791400000000237e+01 4.144364099999999951e+01 5.979653199999999913e+01 5.051826599999999701e+01 5.561303500000000355e+01 5.317692300000000216e+01
nan nan nan nan nan nan nan nan nan nan 5.378819399999999717e+01 4.968856000000000250e+01 4.836872199999999822e+01 4.723198800000000119e+01 4.934664500000000231e+01 4.540097800000000206e+01 2.709540700000000157e+01 4.185385000000000133e+01 nan 5.669660100000000114e+01 4.391525699999999688e+01 4.561697199999999697e+01
nan nan nan nan nan nan nan nan nan nan 4.494893799999999828e+01 4.008851899999999802e+01 4.411311400000000305e+01 4.483094599999999730e+01 4.934141400000000033e+01 3.894196800000000280e+01 3.623882900000000262e+01 3.696099900000000105e+01 nan 5.968425799999999981e+01 6.268694500000000147e+01 nan
nan nan nan nan nan nan nan 5.472149000000000285e+01 nan nan 6.401712700000000211e+01 nan 6.076336299999999824e+01 4.564777300000000082e+01 5.555398100000000028e+01 nan nan nan 3.478258799999999695e+01 3.761845000000000283e+01 4.603021999999999991e+01 4.765357600000000105e+01
nan nan nan nan nan nan nan 5.737697500000000161e+01 nan nan 5.723008200000000301e+01 nan 5.651936899999999753e+01 4.431345600000000218e+01 4.775460000000000349e+01 5.780585899999999810e+01 nan 5.127313699999999841e+01 3.886974599999999924e+01 3.733274600000000021e+01 4.457758599999999660e+01 4.186058200000000085e+01
nan nan nan nan nan nan nan nan nan nan 5.790724600000000066e+01 6.284514500000000226e+01 5.753244000000000113e+01 4.643220900000000029e+01 5.231783399999999773e+01 4.844637800000000283e+01 4.897546400000000233e+01 6.656399399999999389e+01 3.877087600000000123e+01 4.421650700000000001e+01 3.425204099999999841e+01 4.380757799999999946e+01
nan nan nan nan nan nan nan nan nan nan nan nan 5.558908799999999673e+01 4.786570199999999886e+01 5.765508100000000269e+01 4.962321099999999774e+01 3.917572100000000290e+01 6.078291399999999811e+01 4.705880700000000161e+01 4.871878499999999690e+01 4.227904800000000307e+01 3.816209500000000077e+01
