2.773437500000000000e+01 5.605468799999999874e+01 4.628906200000000126e+01 5.751562500000000000e+01 4.433593799999999874e+01 4.000000000000000000e+01 4.120312500000000000e+01 6.200000000000000000e+01 5.651562500000000000e+01 5.703125000000000000e+01 nan nan nan nan nan nan nan nan nan nan nan nan
nan 2.300000000000000000e+01 2.850000000000000000e+01 3.652343799999999874e+01 4.100000000000000000e+01 2.578125000000000000e+01 4.921875000000000000e+01 4.100000000000000000e+01 4.000000000000000000e+01 4.590625000000000000e+01 nan nan nan nan nan nan nan nan nan nan nan nan
4.300000000000000000e+01 2.382812500000000000e+01 2.600000000000000000e+01 3.750000000000000000e+01 4.000000000000000000e+01 nan 5.100000000000000000e+01 4.200000000000000000e+01 5.312500000000000000e+01 4.900000000000000000e+01 nan nan nan nan nan nan nan nan nan nan nan nan
4.921875000000000000e+01 2.600000000000000000e+01 3.000000000000000000e+01 2.773437500000000000e+01 4.775390600000000063e+01 3.800000000000000000e+01 nan 3.500000000000000000e+01 3.550000000000000000e+01 4.886523400000000095e+01 nan nan nan nan nan nan nan nan nan nan nan nan
4.100000000000000000e+01 3.900000000000000000e+01 4.500000000000000000e+01 4.900000000000000000e+01 2.786718799999999874e+01 3.700000000000000000e+01 3.675000000000000000e+01 5.703125000000000000e+01 4.921875000000000000e+01 5.214843799999999874e+01 nan nan nan nan nan nan nan nan nan nan nan nan
6.093750000000000000e+01 3.750000000000000000e+01 4.300000000000000000e+01 3.150000000000000000e+01 4.140625000000000000e+01 2.578125000000000000e+01 3.945312500000000000e+01 4.825000000000000000e+01 4.531250000000000000e+01 3.603515600000000063e+01 nan nan nan nan nan nan nan nan nan nan nan nan
3.945312500000000000e+01 5.703125000000000000e+01 4.600000000000000000e+01 5.950000000000000000e+01 3.800000000000000000e+01 3.750000000000000000e+01 2.578125000000000000e+01 5.000000000000000000e+01 5.507812500000000000e+01 5.553906200000000126e+01 nan nan nan nan nan nan nan nan nan nan nan nan
6.875000000000000000e+01 4.700000000000000000e+01 5.356250000000000000e+01 4.317968799999999874e+01 5.751562500000000000e+01 5.158593799999999874e+01 6.679687500000000000e+01 2.578125000000000000e+01 3.230859399999999937e+01 4.500000000000000000e+01 nan nan nan nan nan nan nan nan 5.312500000000000000e+01 6.093750000000000000e+01 nan nan
6.000000000000000000e+01 4.700000000000000000e+01 5.059765600000000063e+01 5.108593799999999874e+01 5.500000000000000000e+01 5.300000000000000000e+01 6.044921899999999937e+01 3.800000000000000000e+01 2.675781200000000126e+01 2.500000000000000000e+01 nan nan nan nan nan nan nan nan nan nan nan nan
5.898437500000000000e+01 4.921875000000000000e+01 6.484375000000000000e+01 5.100000000000000000e+01 5.850000000000000000e+01 3.750000000000000000e+01 6.000000000000000000e+01 4.763281200000000126e+01 3.000000000000000000e+01 2.871093799999999874e+01 nan nan nan nan nan nan nan nan nan nan nan nan
nan nan nan nan nan nan nan nan nan nan 2.675781200000000126e+01 4.677734399999999937e+01 3.798828100000000063e+01 5.100000000000000000e+01 5.312500000000000000e+01 5.751953100000000063e+01 5.601562500000000000e+01 4.200000000000000000e+01 6.250000000000000000e+01 5.750000000000000000e+01 6.289062500000000000e+01 nan
nan nan nan nan nan nan nan nan nan nan 5.507812500000000000e+01 4.639453100000000063e+01 5.232421899999999937e+01 5.600000000000000000e+01 5.701562500000000000e+01 3.600000000000000000e+01 4.800000000000000000e+01 3.700000000000000000e+01 nan 6.100000000000000000e+01 6.800000000000000000e+01 5.417285199999999890e+01
nan nan nan nan nan nan nan nan nan nan 3.775000000000000000e+01 4.835937500000000000e+01 3.000000000000000000e+01 3.700000000000000000e+01 3.945312500000000000e+01 4.600000000000000000e+01 nan 3.900000000000000000e+01 5.019531200000000126e+01 5.703125000000000000e+01 5.553906200000000126e+01 nan
nan nan nan nan nan nan nan nan nan nan 5.874023400000000095e+01 nan 3.478515600000000063e+01 3.000000000000000000e+01 3.700000000000000000e+01 3.359375000000000000e+01 3.750000000000000000e+01 4.650000000000000000e+01 4.812109399999999937e+01 4.433593799999999874e+01 4.500000000000000000e+01 4.200000000000000000e+01
nan nan nan nan nan nan nan nan nan nan 5.208593799999999874e+01 5.703125000000000000e+01 4.200000000000000000e+01 3.305273400000000095e+01 3.600000000000000000e+01 2.700000000000000000e+01 nan 5.100000000000000000e+01 4.726562500000000000e+01 4.300000000000000000e+01 4.910937500000000000e+01 4.225000000000000000e+01
nan nan nan nan nan nan nan nan nan nan 5.600000000000000000e+01 3.613964800000000110e+01 5.700000000000000000e+01 4.317968799999999874e+01 4.960937500000000000e+01 2.480468799999999874e+01 4.140625000000000000e+01 3.922656200000000126e+01 5.605468799999999874e+01 5.214843799999999874e+01 5.650000000000000000e+01 5.263671899999999937e+01
nan nan nan nan nan nan nan nan nan nan 5.361328100000000063e+01 4.367968799999999874e+01 4.885351599999999905e+01 4.165039099999999905e+01 4.400000000000000000e+01 3.750000000000000000e+01 1.796875000000000000e+01 4.140625000000000000e+01 nan 5.455078100000000063e+01 4.292968799999999874e+01 4.400000000000000000e+01
nan nan nan nan nan nan nan nan nan nan 4.238281200000000126e+01 3.359375000000000000e+01 3.800000000000000000e+01 4.200000000000000000e+01 4.628906200000000126e+01 3.334960900000000095e+01 2.675781200000000126e+01 3.115234399999999937e+01 nan 6.300000000000000000e+01 6.700000000000000000e+01 nan
nan nan nan nan nan nan nan 5.312500000000000000e+01 nan nan 6.875000000000000000e+01 nan 6.289062500000000000e+01 4.200000000000000000e+01 5.923632800000000032e+01 nan nan nan 3.182031200000000126e+01 3.400000000000000000e+01 4.531250000000000000e+01 4.500000000000000000e+01
nan nan nan nan nan nan nan 5.100000000000000000e+01 nan nan 6.093750000000000000e+01 nan 5.556640600000000063e+01 4.140625000000000000e+01 4.400000000000000000e+01 5.605468799999999874e+01 nan 5.100000000000000000e+01 3.554687500000000000e+01 3.000000000000000000e+01 4.200000000000000000e+01 3.750000000000000000e+01
nan nan nan nan nan nan nan nan nan nan 6.125000000000000000e+01 7.085156200000000126e+01 6.093750000000000000e+01 4.200000000000000000e+01 5.019531200000000126e+01 5.100000000000000000e+01 4.590039099999999905e+01 6.875000000000000000e+01 3.500000000000000000e+01 4.317968799999999874e+01 2.578125000000000000e+01 4.100000000000000000e+01
nan nan nan nan nan nan nan nan nan nan nan nan 5.600000000000000000e+01 4.400000000000000000e+01 5.703125000000000000e+01 5.000000000000000000e+01 2.578125000000000000e+01 5.751562500000000000e+01 4.600000000000000000e+01 4.921875000000000000e+01 3.800000000000000000e+01 3.132031200000000126e+01
