2.018391833670279134e-01 3.010048489102398750e-01 1.716893028953822009e-01 nan 1.214903958028379499e-01 9.931079219379138068e-02 6.922736922479724719e-02 4.942520876031087501e-02 3.473005024612016434e-02 1.245562551385799716e-01 2.326761023254485597e-02 5.294867361499440428e-02 8.513016955020219489e-02 7.840798221514205801e-02 1.715714710987747624e-02 5.473203236839929708e-02 3.348176492865177073e-02 3.575297643700030975e-02 4.961210422390181091e-02 9.968150786836693644e-02 4.687673324792172164e-02 4.361326282636045909e-02 3.535436814021244295e-02 2.686441632825196588e-02 2.680441302099209611e-01 3.218221962638067452e-02 3.784097604984539009e-02 1.872765383585880961e-02 1.983198536915419322e-02 1.831819140110535829e-02 3.029399939514440532e-02 3.633105104816906211e-02 6.423323528864705034e-02 2.828597128470889191e-02 4.607896923488784963e-02 5.728642040213065278e-02 3.010048489102398750e-01 3.809628615373578109e-01 1.821209058191011199e-01 4.357751717092057109e-01 1.438192838647300020e-01 2.455195743495247329e-01 1.322790487261972514e-01 1.570364430920948018e-01 9.734712232615166938e-02 2.455195743495247329e-01 9.600004899750955167e-02 nan 3.383866303536623432e-01 1.138246036127208288e-01 9.258307569370888279e-02 2.854174148212371698e-01 3.809628615373578109e-01 1.546374598621967633e-01 1.111610763134255470e-01 2.272740130512162782e-01 9.732981550285926819e-02 1.271448148006602830e-01 1.438192838647300020e-01 9.359109492004798192e-02 nan 1.056927476087385354e-01 9.368604799429336438e-02 5.889064212230531170e-02 3.785551555495720449e-02 3.788865582372556717e-02 7.315381732208132981e-02 7.262091193878533746e-02 8.817228428977121057e-02 5.979931318898114301e-02 1.430845795657614550e-01 1.247084331271544749e-01
2.073771042587912172e-01 4.357751717092057109e-01 9.983516429982064455e-02 4.357751717092057109e-01 7.703119991010790035e-02 8.575916238340108855e-02 4.826290324375497043e-02 5.181503171673140784e-02 2.547064482733611343e-02 1.075074287481648933e-01 2.772555799550777828e-02 5.718470605965045306e-02 7.053377101698012075e-02 9.677416031474388169e-02 2.312396981439452173e-02 6.629656252441250286e-02 6.072930242287139652e-02 4.227486669902464494e-02 4.603174032066672389e-02 1.170063444289322768e-01 5.348608123878019482e-02 3.776108360201278769e-02 4.528879387392021477e-02 3.071890369817425678e-02 2.188838390926658439e-01 3.224112681895555110e-02 3.457475727242985408e-02 2.053721687634791487e-02 2.208535344122740038e-02 1.884789107312933101e-02 3.081887106491483161e-02 3.075931602528650388e-02 6.080429804539620037e-02 2.694919838034015927e-02 2.909376126432359003e-02 4.652474549600927461e-02 nan nan nan nan nan 1.394806538242050198e-01 9.957745507211288039e-02 1.326569697251245850e-01 6.244711347013792713e-02 3.809628615373578109e-01 9.331328787392949298e-02 1.316081928054340378e-01 1.909609249328599601e-01 1.900191890099049707e-01 6.194217719023450974e-02 1.983453579040808656e-01 2.373725694749826143e-01 7.721008157878381239e-02 1.426625957843793702e-01 4.054687942657692612e-01 1.009998776801565024e-01 7.828181171142056805e-02 1.797047188952731467e-01 1.345952233153503153e-01 nan 1.168501608876327397e-01 7.265645937267482812e-02 6.889261311094761753e-02 5.253832871918735770e-02 4.622432171386170463e-02 8.682154970193731169e-02 1.027462546986189773e-01 9.600004899750955167e-02 9.559071167910082600e-02 1.081055719966021594e-01 1.983453579040808656e-01
2.022694440619842438e-01 nan 1.178071876322016182e-01 3.706415575838594156e-01 5.581229784525173349e-02 5.107852775305386783e-02 3.028639993307891826e-02 3.221041426248166806e-02 2.055798973558502218e-02 7.652486059740690183e-02 1.735588821977039620e-02 3.867794037830492998e-02 4.258501788539112431e-02 8.066959209219583260e-02 1.655088037436609413e-02 4.578728895091718071e-02 3.835800056421397736e-02 3.051999435653232617e-02 3.985144223760044707e-02 8.894203706670650300e-02 4.283080115243617647e-02 3.213689015372018370e-02 3.465302450191883737e-02 2.677806635717262101e-02 1.675479006884507127e-01 2.629666610911939387e-02 2.974971925371459880e-02 1.549626951832416832e-02 1.741923799157415673e-02 1.614948465704860170e-02 2.442785550707441203e-02 2.489848094610337334e-02 4.486188531536800667e-02 2.344957741209376112e-02 2.457001558264960972e-02 3.744847719341841408e-02 1.752074653023268369e-01 2.455195743495247329e-01 1.011687871868628824e-01 3.010048489102398750e-01 1.624547940419672210e-01 1.336092633562415144e-01 1.559814869328064180e-01 1.052047722925187750e-01 6.242700927233888614e-02 2.455195743495247329e-01 6.585173548506055574e-02 3.274615969333262711e-01 2.718136272412727816e-01 6.837432315595153021e-02 4.768854906650633191e-02 1.292361684748479511e-01 2.491271121195423877e-01 7.090930117144568501e-02 1.091615150924255123e-01 1.427382037379460178e-01 6.990993684926262441e-02 9.720004722972247491e-02 1.292361684748479511e-01 7.832238170272298738e-02 nan 6.673213184368417816e-02 5.310477358991397279e-02 4.927775951505522500e-02 3.386021963175897542e-02 3.223479600894257197e-02 4.696102814739205877e-02 5.692278026362233151e-02 5.891077052153161075e-02 5.573328576854843369e-02 1.096133017448273905e-01 9.034721983471924456e-02
2.184950335716633329e-01 1.432567074613407820e-01 1.011329912472971743e-01 2.476136336469768606e-01 5.726172685927779366e-02 5.281843772673178172e-02 3.560926921834842163e-02 3.411255348953050326e-02 1.878140457817632780e-02 6.094395921402579602e-02 1.700131286561635743e-02 3.928068947828536328e-02 4.456289063250003929e-02 6.882034163320521758e-02 2.267215679849063359e-02 5.611330106071128060e-02 4.886180253073183627e-02 4.050088417921130640e-02 3.793160910474882574e-02 8.681545108601736171e-02 5.661994968675459344e-02 2.888259749391669171e-02 4.167781833220835647e-02 2.984211778951727581e-02 1.316081928054340378e-01 2.962463770724097292e-02 2.868321204582754969e-02 1.929516155121383317e-02 1.768916324446113617e-02 1.567030775515570323e-02 2.418064733238052197e-02 2.677096078170550231e-02 4.684546722783461403e-02 2.383741433953429079e-02 2.320520143552082942e-02 3.024453591230704882e-02 nan nan nan nan nan 1.474090269811678400e-01 1.145467888300314152e-01 7.527598732143968296e-02 5.972756765743927193e-02 2.149546174496765050e-01 6.929773529322542924e-02 4.054687942657692612e-01 2.476136336469768606e-01 1.607383185605434639e-01 8.960801800303427878e-02 1.157498122762926906e-01 1.559814869328064180e-01 3.809628615373578109e-01 1.191698271657908870e-01 2.455195743495247329e-01 1.215747174679710635e-01 8.320200157082459358e-02 1.138246036127208288e-01 1.138874208396169901e-01 nan 2.073771042587912172e-01 7.773844035367197258e-02 7.204621617275777656e-02 4.094879427816779799e-02 4.041011683446625591e-02 5.285389232789118596e-02 6.930002897973396025e-02 7.182770023494183809e-02 7.017838196794796979e-02 7.149150215809836617e-02 1.070484091074198618e-01
1.336092633562415144e-01 3.010048489102398750e-01 1.609484891483821123e-01 nan 1.059405453901922506e-01 5.449181365475424393e-02 4.516238467154952418e-02 4.757925684214676237e-02 2.824818418412303189e-02 9.973475835294691449e-02 2.627270540246103361e-02 4.834515213286450647e-02 6.402279105272457027e-02 6.455779086868938810e-02 1.995486701517314512e-02 3.650897924274808942e-02 2.857208509463058863e-02 3.536847306717216810e-02 4.331703444351657495e-02 8.941672276155004928e-02 4.445797129336126474e-02 3.355377231525979997e-02 3.793404375318883137e-02 2.708426890219021305e-02 3.058650914250685693e-01 3.068399337055708817e-02 3.265083772306199422e-02 1.863652145088360440e-02 1.924729686049146682e-02 1.609436763268167619e-02 2.646292617877393782e-02 3.009096899443539433e-02 5.431335570273779223e-02 2.540768081750481230e-02 3.337934908046011340e-02 3.884349684303645134e-02 3.010048489102398750e-01 3.809628615373578109e-01 1.607383185605434639e-01 4.357751717092057109e-01 2.149546174496765050e-01 2.455195743495247329e-01 1.336092633562415144e-01 1.267163947150895531e-01 9.609383334157611811e-02 2.476136336469768606e-01 8.187094651051056438e-02 nan 3.809628615373578109e-01 1.261260764627582798e-01 5.342127239295040714e-02 1.752074653023268369e-01 3.809628615373578109e-01 1.296178943815796125e-01 1.053306943645075516e-01 1.808236316043189407e-01 8.055338350757114407e-02 1.008456563422592128e-01 1.056927476087385354e-01 7.302154668274206395e-02 3.809628615373578109e-01 6.543564375715738013e-02 6.297970762961516145e-02 4.566162166636419245e-02 3.162882160127634262e-02 3.917424401478487861e-02 7.331290814997731831e-02 1.389996491718173688e-01 1.215747174679710635e-01 6.331984210361803200e-02 1.104469031891028991e-01 2.124259246026118375e-01
3.706415575838594156e-01 1.797047188952731467e-01 1.220653926463693834e-01 3.809628615373578109e-01 1.245976164812897524e-01 9.780374850780172713e-02 6.899955687518860570e-02 7.472005399057191077e-02 3.842100211628130674e-02 1.464754987203988890e-01 2.953601098441264658e-02 8.152605087423389629e-02 7.313783455326157423e-02 8.270035566039178609e-02 2.575695307077980820e-02 5.659359919654571164e-02 5.796843483425791199e-02 4.041655383460598938e-02 6.425918371343387892e-02 9.422303649238351897e-02 5.965458184638214312e-02 4.780052749052904337e-02 4.752956133201055589e-02 3.237957588358920252e-02 nan 3.749752036835724001e-02 4.328125061625885672e-02 2.294327226368119560e-02 2.984889274871814838e-02 2.455416632868839474e-02 4.510028470691989505e-02 4.263983924150166471e-02 8.803839886063827280e-02 3.250408028033341390e-02 3.727532244715107274e-02 8.842811687140829380e-02 4.357751717092057109e-01 2.476136336469768606e-01 3.809628615373578109e-01 nan 2.099641619349884580e-01 4.054687942657692612e-01 1.707693057414993720e-01 2.280299853445609815e-01 1.752074653023268369e-01 4.357751717092057109e-01 1.472342561190649879e-01 3.367230529138357520e-01 nan 2.640856206090247404e-01 7.907657700613711371e-02 2.680441302099209611e-01 4.357751717092057109e-01 2.099641619349884580e-01 2.083924705524159426e-01 4.357751717092057109e-01 1.648818646504159047e-01 2.455195743495247329e-01 2.476136336469768606e-01 1.609360702277597976e-01 nan 2.022694440619842438e-01 2.188838390926658439e-01 8.625680179094613598e-02 7.811730168805917918e-02 9.434013185585078676e-02 1.185919840038364426e-01 1.752074653023268369e-01 2.640856206090247404e-01 1.089342809646336729e-01 2.349774931658740462e-01 3.499610108478505288e-01
2.659033913456306242e-01 3.010048489102398750e-01 1.733656272819612820e-01 4.054687942657692612e-01 9.454196549279830775e-02 6.708324856091929522e-02 6.290269568361607500e-02 5.784955876332926322e-02 2.549475332286598936e-02 1.334477002446322058e-01 2.080536879002156669e-02 8.938396939027933030e-02 8.198303533654112407e-02 6.725213117296068022e-02 1.576967959719480228e-02 3.449523346409077984e-02 2.662196043493417208e-02 2.887293000888939767e-02 3.757251429314618918e-02 8.334976272143720943e-02 3.486319401745702901e-02 3.387641407978553287e-02 2.609016673722079974e-02 2.303380789697193412e-02 1.215747174679710635e-01 2.555927345164837536e-02 3.121497549273180572e-02 1.631935146587138244e-02 1.637337303439911559e-02 1.484242378471652135e-02 2.143642529107563088e-02 2.411786903535426477e-02 4.655576785845710885e-02 2.113387078120503373e-02 3.026500823755948894e-02 5.418941421667420461e-02 nan nan nan nan nan 2.718136272412727816e-01 3.367230529138357520e-01 nan 1.110017373682016528e-01 3.367230529138357520e-01 8.504638865609259746e-02 1.909609249328599601e-01 1.950677444450527043e-01 2.280299853445609815e-01 4.777634394931642992e-02 3.058650914250685693e-01 3.100241081412358768e-01 1.366214644389762978e-01 9.547151954199248336e-02 3.010048489102398750e-01 8.401555935269290620e-02 7.547386846364541324e-02 9.461496668074678706e-02 8.221055867248253102e-02 nan 1.463798034966141415e-01 7.103348810431835136e-02 5.572061371239347971e-02 3.733543780727199835e-02 3.988343873255206090e-02 6.973702793537987776e-02 1.432567074613407820e-01 1.324777396313699951e-01 7.125984032451007644e-02 1.369495516041328298e-01 1.175635168385471691e-01
1.042425527960426229e-01 1.033414278108799184e-01 4.421492249897525373e-02 1.558988433825599373e-01 3.547744551073957892e-02 3.253000101631579183e-02 2.038950420635964739e-02 2.097666917145808371e-02 1.343944756272293269e-02 3.799088803312777873e-02 1.302575427332811238e-02 2.728992606492339212e-02 3.370591008830563229e-02 5.343994353223931876e-02 1.384628824993900872e-02 3.661119917797051732e-02 3.402088919531373601e-02 2.126031941610535131e-02 2.944289231200859780e-02 3.719209443474714299e-02 3.472283610452380626e-02 2.255504712328280925e-02 3.001002278902116516e-02 2.066293417222795845e-02 1.394287255196895448e-01 2.093137176226970639e-02 1.845675539026784412e-02 1.346013760682826174e-02 1.244667983911449706e-02 1.384469267048298383e-02 1.604436533164292980e-02 2.173158815842633762e-02 3.133531573293099615e-02 1.575440810721625076e-02 1.679754572810302285e-02 2.794630437447146246e-02 nan 1.607383185605434639e-01 1.231677718909412467e-01 nan 1.292260678784822592e-01 6.584192748325605471e-02 4.002186113892770153e-02 4.162642555290231583e-02 2.976869146669353441e-02 1.108493138445976467e-01 3.423226638857216481e-02 9.002835572351888804e-02 1.189330152262365464e-01 2.640856206090247404e-01 6.145372821947540226e-02 2.018391833670279134e-01 4.357751717092057109e-01 5.984472368310998075e-02 1.557060650853347439e-01 2.292682995800220114e-01 1.185919840038364426e-01 8.450493125046808218e-02 3.010048489102398750e-01 1.141005978062384907e-01 nan 7.889704074274675460e-02 4.831323547616616504e-02 5.526157728415458797e-02 3.607766581918053078e-02 4.203254971014077496e-02 4.907844266698145608e-02 6.722095236944847230e-02 7.346342580679868228e-02 3.672343471999432035e-02 3.350241239323024922e-02 7.433435328094635530e-02
9.967565261125345411e-02 8.230158648448106240e-02 3.990693701144778366e-02 1.372853536837529975e-01 4.365069846135326975e-02 5.197432624662189776e-02 2.588075117470441805e-02 2.747358020919062407e-02 1.763470722083545703e-02 4.339932494597286555e-02 1.653237282181963669e-02 3.897886998422613047e-02 4.490001398560748702e-02 3.767456101259193668e-02 1.979650926189561316e-02 3.815640563523139961e-02 3.449307882286631322e-02 2.446910466310002821e-02 4.157160889905511109e-02 4.816668646703902573e-02 4.116960472648488467e-02 3.617248165459385073e-02 4.045214293657712484e-02 2.768109119436498733e-02 9.013982333512736422e-02 2.428033340993278680e-02 2.790484896465340522e-02 1.844518298432662462e-02 1.707007157036304762e-02 1.717635150854727316e-02 2.769406322111971422e-02 2.810753422275893976e-02 5.100463217046911912e-02 2.077925349509658973e-02 2.075200637359580699e-02 3.515825854560209601e-02 3.010048489102398750e-01 2.278745883403310857e-01 3.010048489102398750e-01 nan 9.099106753621995225e-02 9.831513464898519739e-02 6.444602703305619962e-02 5.565733134107224422e-02 4.753557589836472641e-02 3.499610108478505288e-01 3.906848568757127077e-02 9.461173438475908859e-02 1.936148004977075732e-01 9.600004899750955167e-02 8.078472378582861324e-02 1.187664676456226392e-01 2.125152900469710615e-01 5.223577180449151536e-02 1.510687559229310362e-01 1.685989702287192249e-01 1.389996491718173688e-01 1.375618796049210002e-01 2.278745883403310857e-01 1.450439498660218429e-01 nan 9.893900367344098112e-02 8.471693292725107627e-02 6.696308857393722114e-02 5.458417637714793602e-02 8.459894918442138756e-02 6.937362119964103624e-02 1.070824964215274372e-01 1.280045665697339963e-01 5.635261941158913046e-02 6.576094054512597598e-02 9.983516429982064455e-02
1.187006354263727970e-01 7.250510568869124317e-02 4.980926948567885454e-02 8.658133251742858305e-02 5.547546193812174370e-02 6.002016995796027876e-02 2.753911873795640911e-02 2.928040656230962088e-02 1.909890537719186043e-02 4.480498328901965505e-02 1.835711424475410664e-02 4.409088776474284072e-02 4.742761055943281456e-02 4.311868442409341751e-02 1.905499299303907781e-02 3.944833737666453288e-02 3.803854353746789763e-02 2.508721819527698696e-02 4.959154994249211773e-02 4.568983079455975205e-02 3.966338617288950319e-02 3.857448012875831084e-02 4.351206403057430311e-02 2.549344777028243053e-02 1.519935704769038165e-01 2.599078728154645065e-02 3.042929456922274095e-02 1.840886251447944322e-02 1.963947974853237979e-02 1.876520747772888326e-02 2.970563571356368143e-02 2.864486564262894511e-02 5.776609336676328393e-02 2.168828253801680789e-02 2.339729940790230903e-02 3.860656115372178981e-02 nan nan 2.442482437834637699e-01 nan 1.383195241321927282e-01 2.278745883403310857e-01 1.331414040896388151e-01 8.281330453853151530e-02 4.832384357210758180e-02 2.272740130512162782e-01 4.446132215031475127e-02 1.685989702287192249e-01 1.220766011909298066e-01 8.461131871741371657e-02 6.576271488628210315e-02 8.888310927458926980e-02 1.426529228993428933e-01 4.923588693088757490e-02 1.418735420700582839e-01 1.389996491718173688e-01 1.224560351246923307e-01 2.018391833670279134e-01 1.609484891483821123e-01 1.031594512825050464e-01 nan 1.022390344283318347e-01 1.024935957988321877e-01 6.520775220176307230e-02 1.052047722925187750e-01 8.747967941513816459e-02 1.613948384567114314e-01 1.501510776692969451e-01 3.100241081412358768e-01 6.179179549794964338e-02 6.551629699676006502e-02 1.130386918307258598e-01
nan nan 3.809628615373578109e-01 nan 3.367230529138357520e-01 4.054687942657692612e-01 1.266647029771968691e-01 2.125152900469710615e-01 6.447724833310769510e-02 4.054687942657692612e-01 9.303568482816414187e-02 1.474090269811678400e-01 3.010048489102398750e-01 nan 3.578366819965780182e-02 nan 3.010048489102398750e-01 1.609484891483821123e-01 5.321567313949682881e-02 4.054687942657692612e-01 5.303258879882746801e-02 6.196084398127595788e-02 9.413839991354819303e-02 6.558026768482667912e-02 nan 1.206428552263103249e-01 7.306017971449484116e-02 3.057409087425705038e-02 3.391635221581389831e-02 3.396208125241388653e-02 6.951800212169564896e-02 8.416641030961197201e-02 1.383195241321927282e-01 5.692799352185370226e-02 9.487944548587380622e-02 1.140743656042311760e-01 3.058650914250685693e-01 1.609484891483821123e-01 1.036398716214699672e-01 4.357751717092057109e-01 8.959561403097644761e-02 7.119596942460468258e-02 4.696375614054720121e-02 3.840101469609190354e-02 3.189452706044568903e-02 1.148360595092907388e-01 2.621413737540621847e-02 6.316761939062687237e-02 6.299860129967234379e-02 4.507179994554171010e-02 2.222204690525819704e-02 5.698259734369509610e-02 3.496216584945448930e-02 2.460549966161367300e-02 3.860452679506962831e-02 9.663889960739246998e-02 4.113551133459071585e-02 3.793138900717346607e-02 3.545154728095408631e-02 2.437382774240201902e-02 1.568609840245125120e-01 3.274434968178064481e-02 2.985966548107922905e-02 1.576905697289517419e-02 1.582528194309247918e-02 1.355326671151421691e-02 2.430397029138086501e-02 3.259724016130075702e-02 3.900259074318282448e-02 2.362693956408767545e-02 4.080485334553052984e-02 4.730835375390689962e-02
nan nan nan nan 3.010048489102398750e-01 2.022694440619842438e-01 3.100241081412358768e-01 2.149546174496765050e-01 7.748111414904075567e-02 4.357751717092057109e-01 6.837678870891490679e-02 1.752074653023268369e-01 1.951820838084173115e-01 nan 7.705251125628756470e-02 3.383866303536623432e-01 4.357751717092057109e-01 2.659033913456306242e-01 1.164912990373422746e-01 3.499610108478505288e-01 1.318592821839056073e-01 1.008550003007646911e-01 1.733321924549340864e-01 7.045473664091260468e-02 nan 1.183991362287456217e-01 1.628895619777518400e-01 6.557945205650832221e-02 6.255930772855076982e-02 5.120224128033117744e-02 7.687418876321491790e-02 7.565024146262111504e-02 1.716893028953822009e-01 6.794565466807596377e-02 8.269473071902942729e-02 1.607383185605434639e-01 2.860064807222964522e-01 2.022694440619842438e-01 9.751072495546907193e-02 nan 7.424508610841092093e-02 7.857755722536800824e-02 6.810449178186438191e-02 4.743805819762821063e-02 3.140527192992199901e-02 1.432567074613407820e-01 2.306774892276887076e-02 7.433435328094635530e-02 7.642623018775016042e-02 5.235840014709345486e-02 1.928912966186067945e-02 5.491648900303626457e-02 4.723519119672327238e-02 2.566568172826146771e-02 4.198177422328595865e-02 7.702645643781308449e-02 3.723009345692560035e-02 3.223397217533761211e-02 3.590113719787833835e-02 2.328981324564241562e-02 2.022694440619842438e-01 3.011541920661128455e-02 2.696600023345520694e-02 1.601359507415499664e-02 1.558583505867074288e-02 1.464586703101165496e-02 2.619022618848281317e-02 2.822791818402253100e-02 4.955860077524606305e-02 2.228969541475396901e-02 4.989693342325873110e-02 6.921532795508814062e-02
nan nan nan nan nan 3.706415575838594156e-01 6.520636826570562483e-02 7.902786052571696140e-02 4.438189905328342871e-02 2.718136272412727816e-01 7.828181171142056805e-02 1.607383185605434639e-01 1.558988433825599373e-01 nan 4.992073573192753327e-02 nan 2.455195743495247329e-01 1.487938242192647365e-01 9.693428841767419424e-02 3.809628615373578109e-01 6.129054864578616785e-02 7.204387427132026567e-02 2.606426537244972974e-01 5.896513108287565474e-02 nan 8.270498169455246795e-02 8.808671484552756115e-02 3.796384446332684570e-02 4.071578091850847764e-02 3.226974124853929787e-02 5.028758087993585868e-02 7.558864555853281320e-02 1.609484891483821123e-01 5.415787610810493535e-02 8.500934377859147018e-02 9.624803706240191159e-02 2.184950335716633329e-01 1.463111399266938950e-01 1.138246036127208288e-01 nan 5.194917982641032023e-02 5.259953586823813004e-02 3.263181055652908391e-02 2.877007088064918727e-02 1.881987529464195646e-02 6.149260127845088131e-02 1.823331338443730937e-02 5.185978362132610819e-02 6.243706775525299790e-02 5.322084099417193764e-02 1.974723801442665114e-02 5.638468881723338044e-02 3.378407943895892634e-02 2.430685459545427196e-02 3.762158405220012575e-02 8.435281697166480130e-02 3.873347140468533234e-02 3.509184298232201349e-02 3.322046992329200088e-02 2.683889503951443489e-02 2.395078476917590904e-01 2.615828029767249679e-02 2.396518099642831398e-02 1.427214900023960308e-02 1.464004628019463343e-02 1.370105399672845274e-02 1.914450777265488957e-02 2.806749576883915340e-02 3.618399610153378437e-02 2.045604615806195792e-02 2.822752294921076696e-02 3.437096369767304177e-02
nan nan 3.809628615373578109e-01 nan 3.706415575838594156e-01 3.809628615373578109e-01 2.491271121195423877e-01 3.706415575838594156e-01 5.889064212230531170e-02 nan 1.016196374998298152e-01 2.171924310348408993e-01 nan nan 9.249137837619519908e-02 nan nan 1.909609249328599601e-01 1.394806538242050198e-01 4.357751717092057109e-01 9.547832642918085977e-02 9.968670041114816027e-02 2.640856206090247404e-01 9.300969453939969545e-02 nan 1.520946482258595245e-01 1.074729438174753110e-01 5.503240799955059354e-02 4.778601806120352791e-02 6.578240336921786779e-02 7.181213183652490617e-02 1.042487186855898529e-01 2.176725437228916593e-01 1.463810520742888366e-01 1.823274850946221270e-01 1.326569697251245850e-01 3.809628615373578109e-01 2.096077929881256519e-01 1.808236316043189407e-01 3.367230529138357520e-01 9.262860786049449680e-02 5.690424514758539443e-02 3.907127210813270829e-02 3.575930757136774191e-02 2.577720340704314078e-02 8.139921458513577068e-02 2.272106843301554407e-02 3.804795026822364173e-02 6.405275053924011641e-02 7.010732569556822613e-02 2.588075435615693268e-02 6.779406086774240892e-02 5.295158795618083031e-02 3.185038096533094470e-02 4.272445938299138796e-02 1.096133017448273905e-01 5.137186564421707818e-02 3.698192819672565385e-02 3.403797558343320956e-02 3.529536321029449336e-02 3.010048489102398750e-01 3.437933701452568214e-02 3.100322733946596701e-02 1.946818991829002074e-02 1.875798470401719709e-02 1.796897768549928637e-02 2.552346293358043541e-02 3.555487221626562472e-02 4.257838184674250792e-02 2.791758382165619376e-02 2.895472916545337866e-02 4.697310290539905703e-02
nan 4.357751717092057109e-01 3.123836935173494589e-01 3.809628615373578109e-01 3.706415575838594156e-01 3.058650914250685693e-01 5.816843610302135231e-02 7.338314321834946141e-02 3.464578914842252055e-02 2.455195743495247329e-01 7.978649540931009865e-02 3.058650914250685693e-01 4.054687942657692612e-01 2.373725694749826143e-01 3.570465897850737952e-02 3.809628615373578109e-01 2.149546174496765050e-01 2.455195743495247329e-01 8.550511949243495835e-02 1.921396429210663614e-01 4.933506057542434708e-02 6.517307088125585957e-02 1.558988433825599373e-01 4.944938467304901830e-02 nan 7.114071258209669901e-02 8.408694806515309983e-02 3.546615286305017378e-02 4.134695345594148475e-02 2.980907517590121111e-02 7.094796348755083581e-02 5.669408225842577365e-02 1.463111399266938950e-01 5.855562911948442029e-02 5.988768973272506901e-02 1.066122451266711679e-01 1.092469815160791446e-01 7.740001627038527177e-02 7.970521583930205434e-02 1.292054265838012139e-01 4.770844805846857772e-02 4.792414892632989448e-02 2.396953002120359028e-02 2.008969435284191016e-02 1.353688001698300815e-02 5.160769186388458607e-02 1.507001877831938043e-02 3.944719256610129676e-02 3.324847028816609040e-02 3.749508628293474893e-02 1.761225163952435252e-02 4.461489120724185242e-02 3.572451636470754671e-02 2.299832254552812080e-02 3.090308561851837568e-02 7.461551758240725363e-02 3.592886403089837200e-02 2.406496665550467845e-02 2.517550923368219729e-02 2.308795431503993939e-02 1.642504659090506802e-01 2.395596720629424720e-02 2.105037720848348254e-02 1.265647469487457023e-02 1.223144368261464519e-02 1.185092329289536180e-02 1.902919111434968683e-02 2.390957849742493535e-02 3.243738101069508495e-02 1.990996000049961162e-02 2.132525752024308149e-02 3.389168637355138153e-02
nan nan 3.809628615373578109e-01 nan 2.963594996225076827e-01 3.367230529138357520e-01 3.010048489102398750e-01 2.640856206090247404e-01 8.817228428977121057e-02 4.357751717092057109e-01 7.340842561105342945e-02 3.010048489102398750e-01 2.640856206090247404e-01 nan 1.012897139190156170e-01 4.357751717092057109e-01 4.357751717092057109e-01 nan 1.636840656688488549e-01 4.054687942657692612e-01 1.298015168273237707e-01 7.772481145170896666e-02 1.314756869652419502e-01 8.627063714793299642e-02 nan 1.096133017448273905e-01 1.675479006884507127e-01 9.249128660961038195e-02 7.241321652804141862e-02 5.491237651077166687e-02 5.759356164362683383e-02 8.634270201166974190e-02 1.280045665697339963e-01 8.363970204828323485e-02 1.157498122762926906e-01 1.909609249328599601e-01 3.706415575838594156e-01 2.125152900469710615e-01 1.055509231960508887e-01 1.950677444450527043e-01 7.967984485159648744e-02 1.125784984830964092e-01 6.039185316572601853e-02 5.060394302841939723e-02 3.121624479853093992e-02 1.126702300545736474e-01 2.531430185954114398e-02 8.522877410631227169e-02 6.736851948858191275e-02 4.083236996621147918e-02 2.136619817938763266e-02 3.398263671374591316e-02 3.674568959145776276e-02 2.425776368243711192e-02 4.039133909776568970e-02 5.023556091035270843e-02 3.269335987717657266e-02 3.435672796591406758e-02 3.273247385656700981e-02 2.461220556782985069e-02 1.463798034966141415e-01 3.266812350613262916e-02 3.598346772142175382e-02 1.618118251450127373e-02 1.781096379036472416e-02 1.508576303120083562e-02 2.898146463915029017e-02 3.192246322155119220e-02 5.072896152381193430e-02 2.272775608878807585e-02 3.838267734246207652e-02 6.969091320781302390e-02
nan nan nan nan nan 2.455195743495247329e-01 3.010048489102398750e-01 nan 7.011171479711221510e-02 3.809628615373578109e-01 7.715033169938549651e-02 1.316081928054340378e-01 1.101010667704736129e-01 nan 7.779988005216395552e-02 nan 3.274615969333262711e-01 3.367230529138357520e-01 1.670746517320471913e-01 nan 9.369829135634058503e-02 9.604024769992169919e-02 1.983453579040808656e-01 6.603553948708887344e-02 nan 1.039181527058570531e-01 9.202072703070410253e-02 6.693553877052313417e-02 6.352711862424277600e-02 5.538997254300991047e-02 8.602513004634156080e-02 1.267163947150895531e-01 3.367230529138357520e-01 5.082717375267641058e-02 1.124452196398698228e-01 2.243068117006538353e-01 3.809628615373578109e-01 4.357751717092057109e-01 1.752063773523008239e-01 nan 1.782037921688483795e-01 1.016196374998298152e-01 7.284723347386530545e-02 6.332503466959839289e-02 5.128435444975779078e-02 1.521254314348686743e-01 3.597243992530227419e-02 9.908469653118803788e-02 8.513016955020219489e-02 9.116559747187613638e-02 2.735283891377013679e-02 6.408996850219585151e-02 7.595900995549127732e-02 5.139482433084807678e-02 6.401929517929713653e-02 1.001739253744429320e-01 5.219026539241850698e-02 5.820159084959629359e-02 6.078520305182518596e-02 3.882235968612603172e-02 2.476136336469768606e-01 3.886872053863078824e-02 3.998983465864278802e-02 2.545785017598797134e-02 2.829140735879639990e-02 2.445942999105549590e-02 3.895932131271104271e-02 4.990655411158143734e-02 7.368550385098400490e-02 3.402409644132775579e-02 6.282841171684372394e-02 9.827373446528465950e-02
nan nan nan nan 3.010048489102398750e-01 2.476136336469768606e-01 2.097042061443293026e-01 1.490319631111133580e-01 7.970521583930205434e-02 3.809628615373578109e-01 9.146831881814980469e-02 1.909609249328599601e-01 2.022694440619842438e-01 nan 8.844387215391109891e-02 4.357751717092057109e-01 nan 2.476136336469768606e-01 1.126961269647251684e-01 3.010048489102398750e-01 1.782037921688483795e-01 1.103651958879515033e-01 1.921396429210663614e-01 8.850334822097348508e-02 nan 9.380276339590105927e-02 1.056082981608370275e-01 4.992411521346914322e-02 5.408387604345234884e-02 5.082641165319323751e-02 4.709599264884051922e-02 8.102773107572346090e-02 1.426529228993428933e-01 5.409139687708060945e-02 1.002511005511532299e-01 2.022694440619842438e-01 2.154873074288803092e-01 1.296178943815796125e-01 6.115011299613926088e-02 2.455195743495247329e-01 8.413397589410361033e-02 7.778345008699152907e-02 4.309065636928384457e-02 3.667946308508111819e-02 2.702559392887307274e-02 6.969436189982060326e-02 1.898649260979616560e-02 7.714572911621651874e-02 5.650408828200408767e-02 4.043121008254242643e-02 1.767938771364568201e-02 3.978283937685504756e-02 3.526922531660067750e-02 2.766595226175969438e-02 3.415233895064558739e-02 5.873378596327004375e-02 3.349343639019843749e-02 3.229911425068621167e-02 2.686724000008242075e-02 2.256143887475058063e-02 2.476136336469768606e-01 2.892410731188230569e-02 2.542802678032416580e-02 1.368840258769005343e-02 1.580625096720193745e-02 1.290493945017081277e-02 2.284936927777193524e-02 2.980436310639674943e-02 4.354830022153377556e-02 2.077266786339334106e-02 3.511050360219971495e-02 3.772801999083779528e-02
nan nan 2.854174148212371698e-01 nan 1.449196869641133090e-01 1.433686820651691174e-01 6.701419200497750472e-02 1.256281331071288365e-01 3.946812411996071523e-02 2.455195743495247329e-01 5.198529672532544582e-02 1.292361684748479511e-01 1.383195241321927282e-01 nan 6.289040479141994044e-02 nan nan 1.385082643912335376e-01 1.884602443110119374e-01 1.909609249328599601e-01 1.567291602692535424e-01 1.626685789384939018e-01 2.476136336469768606e-01 1.016196374998298152e-01 nan 9.217668013579659314e-02 8.101072299747563710e-02 5.317738099680201225e-02 7.097434240314164089e-02 9.379856206161824028e-02 9.213027111031976690e-02 9.297339672041901593e-02 1.603890116652540443e-01 4.966813401259660699e-02 5.509600424721213668e-02 9.148343592970036020e-02 2.455195743495247329e-01 9.249137837619519908e-02 6.716004249705011253e-02 2.018391833670279134e-01 6.302057589411876048e-02 6.049142654142045106e-02 3.466965022780555544e-02 3.302872662880887433e-02 2.076196873131125331e-02 4.842865551618983494e-02 2.195575790183298265e-02 5.256173176726965796e-02 5.547120812696196973e-02 5.438593393712416041e-02 2.341898330592371777e-02 5.165812604785371270e-02 3.783086429355081437e-02 2.451972291586083930e-02 5.320027486174952469e-02 7.358852243314771557e-02 5.862424446700815334e-02 4.450701217029848916e-02 4.726172828890787270e-02 3.739594709880700307e-02 4.357751717092057109e-01 3.465625862730597334e-02 2.775292245984839132e-02 2.151505555147121065e-02 1.921422654551657033e-02 2.219354691724874373e-02 2.602611414562191333e-02 4.150572798455714335e-02 4.423355743946299351e-02 2.373135543791657018e-02 2.857068915519182795e-02 4.747336964075118959e-02
nan nan 1.909609249328599601e-01 nan 1.040929239637091996e-01 1.314756869652419502e-01 6.827738776076179572e-02 8.881022087193132797e-02 3.466002319367289530e-02 1.369495516041328298e-01 4.458304320566550127e-02 1.322790487261972514e-01 1.108925797698738086e-01 nan 3.851821456674203031e-02 nan 1.950677444450527043e-01 1.130386918307258598e-01 8.646333882585523212e-02 1.752063773523008239e-01 5.418941421667420461e-02 6.371126276674252131e-02 1.487938242192647365e-01 6.087030447530278332e-02 nan 9.311671782611040393e-02 6.976931279094950034e-02 2.890650893471062924e-02 4.148588200666883385e-02 3.619486825824189125e-02 7.805308750836952025e-02 6.074677223197104403e-02 1.529632237934660799e-01 4.174069576737152176e-02 4.817355074513404029e-02 1.000555301774760930e-01 8.093307493842263889e-02 7.182770023494183809e-02 4.596074803516848190e-02 7.857286427685511443e-02 5.224629100943943560e-02 4.725637888145944182e-02 2.737329422690982020e-02 2.408002993765754121e-02 1.497800278659132574e-02 4.110072230854063674e-02 1.596355471549680202e-02 3.866596133695368587e-02 4.581637998018357749e-02 3.916684552298323879e-02 2.130539272330849929e-02 4.585580163856588232e-02 4.393707633235363619e-02 2.371801503935481656e-02 3.965422549338985109e-02 4.517588332279311863e-02 3.714595176904104956e-02 3.287097042262057678e-02 3.808601574901445547e-02 2.748642883704382339e-02 1.808236316043189407e-01 2.738343973423950153e-02 2.243355143359069756e-02 1.732015516076800682e-02 1.426257639509109255e-02 1.508747810894058884e-02 1.909549937517330057e-02 2.847461761978837755e-02 3.164291057154416248e-02 1.898890399880534194e-02 1.840347817337318129e-02 3.106749824452905914e-02
3.809628615373578109e-01 3.706415575838594156e-01 1.558567769586708951e-01 nan 2.476136336469768606e-01 2.640856206090247404e-01 9.428296919061354697e-02 9.282560170884607276e-02 4.363818609538992754e-02 1.391648625075762591e-01 6.204364885279785302e-02 1.305010305777497825e-01 2.125152900469710615e-01 2.096077929881256519e-01 5.038208112709492009e-02 2.476136336469768606e-01 2.280299853445609815e-01 1.091615150924255123e-01 1.814877230622761461e-01 2.022694440619842438e-01 1.036568824204532890e-01 1.213722103604107233e-01 1.752063773523008239e-01 7.161935120817704281e-02 nan 8.499349313331393263e-02 9.173138358594508379e-02 4.466250000557371591e-02 6.797026256345092832e-02 5.458080417922443750e-02 7.961873820910471411e-02 9.300969453939969545e-02 1.605367459581262812e-01 4.744425571063178720e-02 6.096233797579659469e-02 8.330478363211703263e-02 1.823274850946221270e-01 1.214903958028379499e-01 6.122221602874561991e-02 1.518121915780855369e-01 6.263942106233030827e-02 6.191676480242754715e-02 2.423515576876186794e-02 2.451755329851036669e-02 1.719905867765584087e-02 5.559139772340918745e-02 1.788155332944216941e-02 4.580582596082716923e-02 5.072896152381193430e-02 4.038314987798687777e-02 2.379065115158090007e-02 4.023937502741308653e-02 3.597405253205553793e-02 2.408087145631330681e-02 4.369809694341841161e-02 5.497929681009466191e-02 4.176168295899460037e-02 4.211827461672021378e-02 3.482360466899462464e-02 3.032533205971010837e-02 2.718136272412727816e-01 2.861087773493390524e-02 2.821142973501834100e-02 1.774703865133857653e-02 1.809277582886598471e-02 1.806396871132188303e-02 2.369359293368968403e-02 3.328113156261199024e-02 3.772701777730599892e-02 2.120667188794267410e-02 2.555659762876421812e-02 3.948835554322779884e-02
nan nan 2.099641619349884580e-01 nan 1.707693057414993720e-01 3.809628615373578109e-01 2.073771042587912172e-01 1.558567769586708951e-01 7.470620736711387766e-02 2.373725694749826143e-01 6.926670504218289393e-02 1.316081928054340378e-01 1.821209058191011199e-01 3.123836935173494589e-01 6.221367912276527801e-02 4.357751717092057109e-01 2.718136272412727816e-01 3.809628615373578109e-01 2.462184023662939147e-01 1.950677444450527043e-01 7.835421151132780648e-02 9.426094566051666790e-02 1.716893028953822009e-01 9.051452935205271666e-02 nan 9.057334182844194170e-02 8.630100000771490087e-02 6.016531453386006478e-02 5.063379105871732705e-02 4.292908249659380115e-02 6.100104592774394791e-02 8.296193121061694320e-02 2.097042061443293026e-01 6.100378847392774057e-02 1.124452196398698228e-01 1.628895619777518400e-01 2.125152900469710615e-01 1.394806538242050198e-01 6.973702793537987776e-02 2.125152900469710615e-01 7.115560923640218416e-02 6.175385992995253981e-02 3.360568629297583376e-02 2.938008967114143916e-02 2.051748504302066539e-02 7.728998546561073602e-02 1.989337334751071704e-02 5.281843772673178172e-02 5.897195329693719762e-02 4.961314200642210487e-02 2.661076206894471066e-02 5.204122238017973301e-02 5.350803908939259085e-02 2.517251965956359208e-02 4.939581903186458095e-02 5.814784153800877514e-02 4.574711333797966406e-02 3.581882118132034831e-02 4.475299410122850208e-02 3.362981094887407263e-02 2.272740130512162782e-01 3.126488973547775913e-02 2.869048913964083666e-02 2.080078384374674585e-02 1.868042670660137114e-02 1.867266968269265873e-02 2.459605565302292601e-02 3.470381871216186159e-02 3.765352472165209297e-02 2.392684399152420621e-02 2.870441329426375379e-02 5.074238889542655867e-02
