nan nan nan nan nan 1.400000000000000133e-01 1.456310679611650394e-01 1.144578313253011986e-01 2.000000000000000111e-01 nan 1.034482758620689641e-01 9.923664122137404453e-02 1.621621621621621712e-01 2.764227642276422814e-01 1.135503406510219582e-01 3.380281690140845008e-01 1.524663677130044803e-01 2.149901380670611317e-01 4.409448818897637734e-01 4.111111111111110938e-01 3.254593175853018328e-01 3.067915690866510614e-01 1.826086956521739135e-01 4.328472755180353126e-01 nan 2.801608579088472051e-01 2.916666666666666852e-01 2.715935334872979223e-01 3.128278493085360212e-01 4.280100035727045227e-01 2.257181942544459752e-01 2.237623762376237668e-01 2.968750000000000000e-01 2.097989949748743643e-01 2.020547945205479479e-01 1.428571428571428492e-01 nan nan nan nan nan nan nan nan 1.904761904761904656e-01 nan nan nan nan nan nan nan nan nan 2.363636363636363591e-01 nan 2.000000000000000111e-01 nan nan 3.152173913043478382e-01 nan 1.764705882352941291e-01 1.525423728813559421e-01 5.405405405405405705e-02 1.224489795918367319e-01 2.327044025157232743e-01 1.219512195121951192e-01 1.348314606741572996e-01 nan nan nan nan
nan nan nan nan 2.181818181818181712e-01 1.794871794871794879e-01 9.740259740259740728e-02 1.624365482233502411e-01 2.014690451206715693e-01 2.580645161290322509e-01 2.734611503531785837e-01 2.010582010582010470e-01 3.043478260869565410e-01 4.329896907216495006e-01 1.898734177215190000e-01 2.322580645161290425e-01 2.421052631578947401e-01 2.918552036199095201e-01 3.782505910165484542e-01 nan 3.344594594594594850e-01 2.255319148936170137e-01 1.673003802281368690e-01 4.435564435564435803e-01 nan 4.967391304347826275e-01 4.177377892030848527e-01 2.675266404935501829e-01 4.882892057026476662e-01 3.230313293818797837e-01 3.044496487119437989e-01 1.900958466453674112e-01 3.274336283185840801e-01 2.717703349282296621e-01 1.316793893129770965e-01 1.538461538461538547e-01 nan nan nan nan nan nan nan nan 1.393442622950819554e-01 nan nan nan nan nan nan nan nan nan nan nan nan 1.060606060606060635e-01 nan nan nan nan 2.325581395348837177e-01 1.764705882352941291e-01 2.359999999999999876e-01 2.261146496815286677e-01 2.048192771084337283e-01 nan nan 1.666666666666666574e-01 2.280701754385964786e-01 nan
nan nan nan nan 2.242990654205607448e-01 1.737089201877934364e-01 1.113744075829383867e-01 1.554192229038854900e-01 1.724403387220939110e-01 2.479338842975206680e-01 1.306740027510316371e-01 1.214285714285714274e-01 1.029411764705882304e-01 2.975206611570248016e-01 1.187245590230664866e-01 2.179487179487179516e-01 1.475903614457831359e-01 2.260748959778086098e-01 4.504201680672269004e-01 3.203883495145631310e-01 3.069977426636568696e-01 2.813333333333333242e-01 1.597222222222222099e-01 4.380228136882129419e-01 nan 3.827349121466768755e-01 4.331450094161958808e-01 2.040030792917628955e-01 5.284036813709933611e-01 4.302744663154976501e-01 2.723704866562009497e-01 1.903765690376569009e-01 3.007518796992481036e-01 2.756640344580043034e-01 1.518833535844471561e-01 1.453488372093023340e-01 nan nan nan nan nan nan nan 2.203389830508474534e-01 1.439999999999999891e-01 nan 1.428571428571428492e-01 nan nan 1.195652173913043514e-01 8.450704225352112520e-02 nan nan 1.666666666666666574e-01 1.960784313725490169e-01 nan 1.414141414141414088e-01 2.089552238805970075e-01 nan 2.169811320754717054e-01 nan 2.056737588652482185e-01 1.844660194174757295e-01 1.588785046728971861e-01 2.682926829268292845e-01 2.204724409448818867e-01 1.401869158878504551e-01 1.025641025641025605e-01 1.259842519685039353e-01 2.068965517241379282e-01 2.321428571428571508e-01 nan
nan nan nan nan 1.466666666666666674e-01 1.304347826086956486e-01 1.054421768707483054e-01 1.543778801843317949e-01 1.419984973703981856e-01 1.260504201680672232e-01 1.321124918247220392e-01 1.371237458193979852e-01 1.138613861386138654e-01 2.089552238805970075e-01 1.615763546798029693e-01 1.647058823529411742e-01 2.250000000000000056e-01 2.711496746203904684e-01 3.573770491803278659e-01 1.898734177215190000e-01 3.083003952569169925e-01 2.593431483578708674e-01 1.464285714285714357e-01 3.850687622789784048e-01 nan 4.899082568807339721e-01 5.098882201203783771e-01 2.411234764175940737e-01 5.824949698189134661e-01 3.000304599451720788e-01 3.647136273864384215e-01 2.434077079107505037e-01 4.208037825059101622e-01 2.976612331679659995e-01 1.268844221105527581e-01 1.059113300492610793e-01 nan nan nan nan nan nan nan 1.666666666666666574e-01 1.538461538461538547e-01 nan 1.400000000000000133e-01 nan nan nan nan nan nan nan 2.962962962962962798e-01 nan nan 2.210526315789473617e-01 nan nan nan nan 3.082706766917293062e-01 nan 4.244604316546762846e-01 2.333333333333333370e-01 1.944444444444444475e-01 1.340206185567010266e-01 1.264367816091954144e-01 2.093023255813953598e-01 nan 2.142857142857142738e-01
nan nan nan nan 3.766233766233766378e-01 1.275167785234899431e-01 1.005586592178770999e-01 1.860465116279069742e-01 2.300469483568075013e-01 1.754385964912280604e-01 1.806060606060606033e-01 1.012658227848101250e-01 2.151898734177215278e-01 4.577777777777777835e-01 1.535401750198886195e-01 2.008639308855291461e-01 1.664122137404580037e-01 3.012422360248447339e-01 4.137931034482758563e-01 3.030303030303030387e-01 3.788546255506607952e-01 2.606707317073170826e-01 1.797468354430379611e-01 6.049679487179486781e-01 nan 3.967112024665981340e-01 3.703703703703703498e-01 2.792266187050359560e-01 4.456606724003127629e-01 4.056550951847704423e-01 2.536162005785920770e-01 1.967213114754098324e-01 3.961038961038961248e-01 2.179487179487179516e-01 2.209106239460371102e-01 7.407407407407406996e-02 nan nan nan nan nan nan nan nan nan nan 1.625000000000000056e-01 nan nan nan 1.525423728813559421e-01 nan nan nan 2.898550724637681264e-01 nan 2.589285714285714524e-01 2.187500000000000000e-01 1.764705882352941291e-01 4.571428571428571286e-01 nan 1.075268817204301092e-01 1.590909090909090884e-01 1.979522184300341325e-01 1.431578947368420951e-01 2.395604395604395698e-01 1.616161616161616299e-01 nan nan 1.463414634146341375e-01 2.456140350877192846e-01 nan
nan nan nan nan 3.818181818181818343e-01 nan 1.071428571428571369e-01 2.155172413793103314e-01 2.184684684684684575e-01 nan 1.560891938250428823e-01 1.111111111111111049e-01 1.489361702127659504e-01 2.065217391304347838e-01 2.059134107708553429e-01 1.447368421052631637e-01 2.043010752688172171e-01 2.731182795698924859e-01 4.355555555555555292e-01 1.428571428571428492e-01 3.305084745762711940e-01 1.708333333333333370e-01 1.924528301886792581e-01 3.988571428571428545e-01 nan 3.978494623655913776e-01 3.705263157894737036e-01 3.384426732066216914e-01 4.069431051108968189e-01 3.456189151599443621e-01 2.815789473684210398e-01 1.988130563798219674e-01 2.708333333333333148e-01 2.525547445255474366e-01 1.204013377926421435e-01 2.168674698795180766e-01 nan nan nan nan nan nan nan nan nan nan nan nan nan nan nan nan nan nan nan nan nan nan nan nan nan nan nan 3.865546218487395103e-01 nan 3.186813186813186594e-01 nan nan nan nan nan nan
nan nan nan nan 3.711340206185567148e-01 1.170212765957446832e-01 1.404958677685950452e-01 1.775147928994082747e-01 1.582278481012658333e-01 nan 1.419354838709677435e-01 1.538461538461538547e-01 1.304347826086956486e-01 4.108910891089108675e-01 1.611669057867049226e-01 2.202166064981949389e-01 1.474452554744525579e-01 2.389486260454002364e-01 3.537964458804523371e-01 3.730158730158730229e-01 3.121301775147928836e-01 2.135231316725978712e-01 1.418234442836468767e-01 4.939091915836101854e-01 nan 2.829554995801847328e-01 3.263888888888888951e-01 3.146718146718146536e-01 2.938404577583305088e-01 3.623944361649279466e-01 1.518518518518518490e-01 1.379746835443038111e-01 2.374999999999999889e-01 1.866870696250956252e-01 1.492537313432835688e-01 1.188811188811188801e-01 nan nan nan nan nan nan nan nan nan nan nan nan nan nan 1.288659793814432852e-01 nan nan nan 2.467532467532467522e-01 nan 2.909090909090908950e-01 nan 1.199999999999999956e-01 4.782608695652174058e-01 nan nan 1.499999999999999944e-01 3.489208633093525136e-01 1.168384879725085923e-01 3.133462282398452592e-01 1.084337349397590383e-01 nan nan 1.111111111111111049e-01 nan nan
nan nan 1.261261261261261146e-01 nan 2.813008130081300906e-01 2.330246913580246992e-01 1.432337434094903272e-01 2.355187778485041405e-01 2.383419689119170848e-01 2.396694214876033124e-01 2.359715755942171089e-01 1.907151819322459307e-01 2.173913043478260809e-01 2.814814814814814992e-01 1.615752668384247415e-01 1.670822942643391540e-01 1.615044247787610632e-01 2.678678678678678704e-01 4.000000000000000222e-01 1.729323308270676596e-01 3.513139695712309551e-01 3.056249999999999800e-01 1.617900172117039681e-01 3.318273092369478094e-01 nan 5.757717492984096852e-01 5.891415994130594358e-01 2.985579089680036047e-01 3.790502314417966701e-01 3.362416107382550368e-01 4.073353709363712327e-01 3.168373151308304658e-01 4.670103092783505216e-01 4.003232758620689502e-01 2.202737382378101016e-01 2.040050062578222800e-01 nan nan nan nan nan 1.897810218978102093e-01 8.542713567839195499e-02 1.708860759493670833e-01 1.751592356687897978e-01 nan 1.374045801526717625e-01 1.132075471698113234e-01 nan nan 1.503759398496240518e-01 nan nan 1.328125000000000000e-01 nan nan nan 2.692307692307692180e-01 nan 2.678571428571428492e-01 nan 2.992125984251968740e-01 4.466501240694789043e-01 2.105263157894736725e-01 2.444852941176470507e-01 2.385786802030456788e-01 3.023952095808383200e-01 2.281879194630872520e-01 3.780487804878048808e-01 2.133891213389121355e-01 9.333333333333333759e-02 1.000000000000000056e-01
nan 1.558441558441558406e-01 6.976744186046511531e-02 nan 2.078313253012048223e-01 2.740213523131672657e-01 1.460361613351877641e-01 2.279329608938547580e-01 2.409211691762621899e-01 1.993865030674846495e-01 2.494296577946767957e-01 1.913265306122448883e-01 2.184615384615384570e-01 2.186147186147186228e-01 2.343572241183162763e-01 1.794871794871794879e-01 1.536643026004728130e-01 3.063923585598824495e-01 5.419708029197080057e-01 1.469194312796208435e-01 2.863340563991323418e-01 3.513513513513513709e-01 1.934604904632152567e-01 3.607979184735472522e-01 2.584269662921348520e-01 6.406145624582498810e-01 5.748752079866888964e-01 3.674170164059519239e-01 4.441710243002153224e-01 3.530797711208347178e-01 4.194078947368420907e-01 2.665964172813488076e-01 4.697802197802197766e-01 4.434306569343065552e-01 1.875000000000000000e-01 2.119460500963391003e-01 nan nan nan nan nan 1.724137931034482873e-01 nan 1.048387096774193589e-01 1.499999999999999944e-01 nan 7.142857142857142461e-02 nan nan nan 1.447368421052631637e-01 nan nan 1.288343558282208645e-01 nan nan nan nan nan nan nan 5.591397849462365066e-01 4.375000000000000000e-01 2.468354430379746944e-01 3.225806451612903136e-01 2.448979591836734637e-01 2.285714285714285643e-01 nan nan 2.543859649122807154e-01 1.851851851851851749e-01 nan
nan 9.722222222222222376e-02 1.318681318681318715e-01 nan 3.296703296703296648e-01 2.692307692307692180e-01 1.453396524486571806e-01 2.222222222222222099e-01 2.431595250387196816e-01 1.497975708502024272e-01 2.974789915966386533e-01 2.012578616352201366e-01 2.893982808022922404e-01 2.631578947368420907e-01 2.707235265931959844e-01 1.894736842105263219e-01 1.985815602836879523e-01 3.599429793300071290e-01 5.416666666666666297e-01 1.818181818181818232e-01 3.048543689320388217e-01 2.725490196078431127e-01 2.341597796143250754e-01 3.114624505928853537e-01 nan 6.572769953051643688e-01 5.359922178988326680e-01 3.836384011953679618e-01 3.645833333333333148e-01 3.283395755305867914e-01 3.343685300207039357e-01 1.891515994436717696e-01 3.698113207547169545e-01 4.458788480635550999e-01 2.205638474295190665e-01 2.075471698113207641e-01 nan nan nan nan nan nan nan nan 8.148148148148148806e-02 nan 1.190476190476190410e-01 nan nan nan 2.222222222222222099e-01 1.228070175438596423e-01 nan 1.270718232044198981e-01 nan nan 3.333333333333333148e-01 nan nan 5.348837209302325091e-01 nan 3.658536585365853577e-01 2.972972972972973138e-01 4.954954954954954860e-01 2.203389830508474534e-01 4.628099173553719137e-01 nan nan nan 2.666666666666666630e-01 1.570247933884297564e-01 nan
nan nan nan nan nan nan nan nan 1.679389312977099258e-01 nan 1.176470588235294101e-01 nan nan nan 5.586592178770949380e-02 nan nan nan 9.523809523809523281e-02 nan 9.016393442622951115e-02 1.333333333333333315e-01 nan 1.666666666666666574e-01 nan nan 2.573529411764705621e-01 1.015625000000000000e-01 1.508120649651972234e-01 1.814516129032258118e-01 1.681415929203539938e-01 1.600000000000000033e-01 nan 2.000000000000000111e-01 1.846153846153846256e-01 2.200000000000000011e-01 nan nan nan nan 2.051282051282051211e-01 1.619047619047619124e-01 1.603375527426160463e-01 1.560693641618497163e-01 3.022670025188917142e-01 nan 1.602649006622516581e-01 8.333333333333332871e-02 9.677419354838709409e-02 1.685393258426966245e-01 1.622641509433962181e-01 3.134920634920634885e-01 1.190476190476190410e-01 1.300138312586445466e-01 4.454976303317535469e-01 4.489795918367346927e-01 3.719165085388994041e-01 3.837579617834395163e-01 2.296296296296296280e-01 4.632169576059850247e-01 nan 3.557457212713936445e-01 3.832512315270936165e-01 1.921634014172571847e-01 4.200375033485132525e-01 4.856321839080459668e-01 2.546634225466342105e-01 3.543689320388349606e-01 2.873786407766990014e-01 2.141623488773747863e-01 2.094240837696335067e-01 1.359223300970873738e-01
nan nan nan nan nan nan nan nan nan nan 9.876543209876542662e-02 nan nan nan 1.648351648351648324e-01 nan nan nan 4.393939393939393923e-01 nan nan nan nan 4.708994708994708733e-01 nan 3.770491803278688270e-01 nan 3.846153846153846367e-01 2.708333333333333148e-01 4.441340782122905062e-01 1.770833333333333426e-01 nan nan 1.250000000000000000e-01 nan nan nan nan nan nan 1.700000000000000122e-01 9.677419354838709409e-02 1.372549019607843257e-01 1.189189189189189255e-01 1.499999999999999944e-01 nan 1.460176991150442527e-01 1.000000000000000056e-01 1.282051282051281937e-01 2.877192982456140413e-01 1.917551530293566397e-01 3.953488372093023062e-01 3.411458333333333148e-01 2.140672782874617763e-01 4.514925373134328623e-01 3.285714285714285698e-01 4.365781710914454217e-01 1.887125220458553687e-01 3.681159420289855100e-01 4.485125858123569786e-01 nan 2.883506343713956310e-01 2.039627039627039673e-01 3.623481781376517996e-01 2.699839486356340190e-01 4.464043419267300083e-01 1.593625498007968100e-01 1.573208722741432919e-01 1.829787234042553057e-01 2.098283931357254328e-01 1.611374407582938373e-01 1.724137931034482873e-01
nan nan nan nan nan nan nan nan 6.153846153846154188e-02 nan 1.060606060606060635e-01 nan nan nan 1.413612565445026281e-01 nan nan nan 1.694915254237288060e-01 nan nan 2.159999999999999976e-01 nan 1.918604651162790775e-01 nan 2.792792792792792578e-01 2.970297029702970160e-01 1.170212765957446832e-01 2.579185520361991224e-01 1.557377049180327933e-01 9.790209790209790375e-02 1.411764705882352922e-01 nan 1.581920903954802393e-01 nan nan nan nan nan nan 1.280487804878048808e-01 1.333333333333333315e-01 1.089385474860335157e-01 1.624605678233438377e-01 1.787954830614805479e-01 1.171171171171171144e-01 1.410256410256410242e-01 1.379310344827586188e-01 1.020408163265306145e-01 3.299663299663299632e-01 1.345486111111111049e-01 3.395522388059701302e-01 1.368159203980099381e-01 1.746538871139510229e-01 4.021571648690292489e-01 3.389830508474576121e-01 3.194945848375451147e-01 3.701657458563535896e-01 1.690427698574338000e-01 3.839427662957074494e-01 nan 3.070469798657717853e-01 3.724358974358974450e-01 1.604404246952418345e-01 5.071492403932081894e-01 4.475870253164557222e-01 2.162162162162162282e-01 2.871485943775100580e-01 3.019480519480519654e-01 2.253433208489388218e-01 1.475409836065573743e-01 9.966777408637873814e-02
nan nan nan nan nan nan nan nan 5.405405405405405705e-02 nan nan nan nan nan nan nan nan nan nan nan nan nan nan 1.612903225806451568e-01 nan nan 1.923076923076923184e-01 7.766990291262135249e-02 1.659574468085106280e-01 1.718750000000000000e-01 1.458333333333333426e-01 1.964285714285714246e-01 nan nan nan nan nan nan nan nan 2.374999999999999889e-01 1.074380165289256228e-01 1.267605633802816878e-01 1.381215469613259750e-01 2.157464212678936732e-01 1.538461538461538547e-01 1.679462571976967356e-01 4.379562043795620641e-02 1.959459459459459429e-01 4.139784946236559349e-01 1.789099526066350587e-01 2.965116279069767713e-01 2.259414225941422660e-01 2.290419161676646720e-01 3.118040089086859812e-01 2.321428571428571508e-01 2.366412213740458070e-01 2.013274336283185917e-01 1.090909090909090856e-01 5.045632333767926525e-01 nan 4.770755885997521872e-01 4.914572864321608003e-01 2.437064809855382930e-01 4.461766889383815826e-01 3.213734567901234684e-01 3.160377358490565891e-01 2.530541012216405150e-01 3.706720977596741351e-01 2.732855680655066344e-01 1.235059760956175312e-01 1.428571428571428492e-01
nan nan nan nan nan nan 9.433962264150944077e-02 8.955223880597014408e-02 9.285714285714286031e-02 nan nan nan nan nan 7.305936073059360325e-02 nan nan nan 1.710526315789473728e-01 nan 8.333333333333332871e-02 2.080536912751677903e-01 nan 1.485148514851485080e-01 nan 2.079999999999999905e-01 2.173913043478260809e-01 1.030927835051546337e-01 3.624031007751937761e-01 1.228813559322033955e-01 2.903225806451613100e-01 1.162790697674418589e-01 nan 2.523809523809523725e-01 1.988304093567251352e-01 nan nan 8.474576271186440302e-02 9.836065573770491621e-02 nan 1.680672268907563160e-01 1.513761467889908341e-01 1.241473396998635792e-01 1.224489795918367319e-01 1.457536342769701621e-01 1.007194244604316530e-01 1.484593837535014005e-01 1.021276595744680799e-01 6.018518518518518184e-02 1.885441527446300725e-01 1.431385423506237597e-01 1.849315068493150582e-01 1.167192429022081979e-01 1.840659340659340781e-01 3.687031082529474979e-01 2.595419847328244156e-01 2.847682119205298124e-01 2.636080870917573704e-01 1.293604651162790775e-01 3.589123867069486384e-01 nan 3.599740090968160944e-01 4.084170253467240830e-01 1.890127821593690638e-01 4.548169102624547988e-01 3.170608108108108336e-01 3.248709122203098376e-01 2.282333051563820714e-01 3.561151079136690711e-01 2.763429752066115519e-01 1.416100872938894362e-01 1.400491400491400418e-01
nan nan nan nan nan nan nan nan nan nan 9.859154929577464144e-02 nan nan nan 2.000000000000000111e-01 nan nan nan nan nan 4.716981132075471761e-01 nan nan 4.799999999999999822e-01 nan 2.321428571428571508e-01 nan 4.095238095238095122e-01 2.500000000000000000e-01 2.766798418972332141e-01 6.097560975609755962e-02 nan nan 9.259259259259258745e-02 nan nan nan nan 2.105263157894736725e-01 nan 2.156862745098039325e-01 nan 1.677852348993288667e-01 1.949152542372881436e-01 2.167414050822122629e-01 nan 2.192982456140350755e-01 1.269841269841269771e-01 2.368421052631578816e-01 4.183123877917414579e-01 2.687651331719128067e-01 2.909356725146198808e-01 2.886597938144329634e-01 2.771822358346094917e-01 3.740875912408759274e-01 1.650943396226415005e-01 3.727598566308243933e-01 1.896207584830339188e-01 2.913279132791327664e-01 5.636246786632390648e-01 nan 4.555680539932508433e-01 3.974540311173974660e-01 4.524924263288350179e-01 3.353115727002967117e-01 3.738601823708206928e-01 1.980742778541953186e-01 1.361607142857142738e-01 2.330827067669172803e-01 2.274119448698315449e-01 1.792207792207792250e-01 2.121212121212121271e-01
nan nan nan nan nan nan nan nan 6.557377049180328210e-02 nan 1.216216216216216284e-01 nan nan nan 2.478632478632478708e-01 nan nan nan nan nan 2.083333333333333426e-01 2.058823529411764608e-01 nan 3.567839195979899403e-01 nan 4.024390243902439268e-01 nan 3.819095477386934556e-01 2.242424242424242431e-01 3.094339622641509302e-01 nan nan nan 9.489051094890510463e-02 nan nan nan nan nan nan nan nan 1.775700934579439172e-01 1.933333333333333293e-01 3.495440729483282882e-01 nan 2.490974729241877128e-01 nan 1.621621621621621712e-01 4.594594594594594850e-01 1.947890818858560857e-01 2.303030303030303150e-01 2.090909090909090773e-01 4.017341040462427681e-01 4.222222222222222210e-01 4.505494505494505586e-01 3.279220779220779480e-01 2.787610619469026441e-01 2.976744186046511587e-01 5.118483412322274440e-01 nan 4.817749603803486713e-01 3.790035587188612110e-01 3.271889400921659252e-01 3.887423043095866171e-01 3.980456026058631913e-01 2.647657841140529378e-01 1.942148760330578428e-01 3.664596273291925721e-01 2.613458528951486670e-01 3.140096618357487990e-01 3.214285714285714524e-01
nan nan nan nan nan nan nan nan 9.836065573770491621e-02 nan 1.379310344827586188e-01 nan nan nan 1.780821917808219079e-01 nan nan nan nan nan nan nan nan 5.775862068965517127e-01 nan 1.911764705882352811e-01 nan 1.443298969072164817e-01 1.445783132530120418e-01 2.128514056224899698e-01 4.901960784313725422e-02 8.928571428571428770e-02 nan 1.060606060606060635e-01 1.538461538461538547e-01 nan nan nan nan nan 2.972972972972973138e-01 1.666666666666666574e-01 1.455938697318007735e-01 1.513513513513513598e-01 1.864831038798498153e-01 8.450704225352112520e-02 1.271043771043771087e-01 1.900000000000000022e-01 1.518987341772151944e-01 2.488584474885844611e-01 1.734693877551020391e-01 3.060428849902533943e-01 2.035928143712574800e-01 2.429501084598698346e-01 3.333333333333333148e-01 3.236514522821576922e-01 3.124147339699863690e-01 2.444771723122238505e-01 2.070938215102974822e-01 5.772578890097932458e-01 nan 3.022774327122152993e-01 2.542222222222222383e-01 2.667165668662674904e-01 3.530920490168139025e-01 3.929805419167121117e-01 2.098360655737704916e-01 2.563791008505467706e-01 3.227272727272727515e-01 1.822289156626505924e-01 1.607565011820331069e-01 9.504132231404958941e-02
nan nan nan nan nan nan nan nan 8.415841584158416377e-02 nan 1.210191082802547780e-01 nan nan nan 1.355932203389830504e-01 nan nan nan nan nan nan nan nan nan nan 3.786407766990291246e-01 7.280701754385965341e-01 1.349693251533742311e-01 3.966480446927374559e-01 2.000000000000000111e-01 5.555555555555555802e-01 2.307692307692307820e-01 nan 3.090909090909090828e-01 9.401709401709401615e-02 nan nan nan 6.250000000000000000e-02 nan 2.111801242236024945e-01 2.080924855491329550e-01 1.449999999999999900e-01 1.919561243144424223e-01 2.206266318537858928e-01 9.395973154362416424e-02 3.090052972336668757e-01 1.877934272300469387e-01 2.389380530973451433e-01 3.115942028985507206e-01 1.947224749772520358e-01 1.813953488372093137e-01 1.042471042471042469e-01 2.356521739130434667e-01 5.512048192771084043e-01 2.362204724409448786e-01 4.060150375939849399e-01 3.810572687224669797e-01 1.330049261083743883e-01 3.129251700680272252e-01 nan 5.494923857868020400e-01 6.262886597938144284e-01 3.250825082508250752e-01 4.092356687898089374e-01 3.966720343531937587e-01 4.869072894550601771e-01 3.180873180873181050e-01 4.773662551440329138e-01 4.669421487603305776e-01 1.948579161028416717e-01 2.050359712230215847e-01
nan nan nan nan nan nan 1.058823529411764691e-01 1.617647058823529493e-01 1.274238227146814451e-01 nan 1.052631578947368363e-01 nan nan nan 1.062992125984252023e-01 nan nan nan 1.733333333333333393e-01 nan 1.188811188811188801e-01 1.272727272727272596e-01 nan 2.265193370165745901e-01 nan 4.528301886792452935e-01 6.174863387978142271e-01 9.429280397022332671e-02 2.582159624413145615e-01 1.771561771561771526e-01 2.999999999999999889e-01 1.689189189189189144e-01 nan 1.906158357771260969e-01 1.442307692307692180e-01 2.352941176470588203e-01 nan 1.264367816091954144e-01 5.357142857142856845e-02 8.620689655172414367e-02 2.690909090909091028e-01 1.778656126482213440e-01 1.689750692520775588e-01 1.906158357771260969e-01 2.378343538511118183e-01 9.905660377358491142e-02 2.475952974706091825e-01 1.777188328912466808e-01 1.760299625468164930e-01 3.036053130929791122e-01 2.153846153846153966e-01 2.239747634069400584e-01 1.277533039647577029e-01 2.599085365853658347e-01 3.320964749536178262e-01 1.155778894472361817e-01 2.451361867704280051e-01 3.739445114595898456e-01 1.702127659574468044e-01 3.412280701754386025e-01 nan 5.417981072555204669e-01 6.510687463893702898e-01 3.174603174603174427e-01 3.744343891402714952e-01 3.365205843293492816e-01 4.195940671350507634e-01 3.039999999999999925e-01 5.089005235602094279e-01 3.632669646485168768e-01 1.463757916959887440e-01 1.620626151012891369e-01
nan nan nan nan nan nan 1.639344262295081844e-01 1.403508771929824483e-01 1.363636363636363535e-01 nan 1.690140845070422504e-01 nan nan nan 1.397849462365591267e-01 nan nan 1.960784313725490169e-01 nan nan 2.461538461538461675e-01 nan nan 1.190476190476190410e-01 nan 4.531250000000000000e-01 3.689320388349514590e-01 1.811846689895470486e-01 2.670807453416149113e-01 1.529411764705882470e-01 2.385321100917431325e-01 1.612903225806451568e-01 nan 2.785923753665688896e-01 1.532846715328467224e-01 1.807228915662650592e-01 nan nan 9.375000000000000000e-02 nan 4.279661016949152796e-01 2.209302325581395388e-01 1.063492063492063461e-01 1.805702217529039089e-01 1.950980392156862753e-01 1.223021582733812979e-01 2.497777777777777652e-01 1.173469387755102095e-01 2.330827067669172803e-01 2.821052631578947478e-01 2.645943896891584379e-01 2.000000000000000111e-01 1.436314363143631478e-01 2.997118155619596380e-01 4.545454545454545303e-01 1.609195402298850552e-01 2.831460674157303403e-01 3.116883116883116811e-01 1.498771498771498678e-01 4.247787610619468968e-01 nan 6.754385964912280604e-01 5.761702127659574790e-01 3.460282916213275328e-01 4.039688164422395311e-01 3.697080291970802901e-01 3.219315895372233394e-01 2.488408037094281267e-01 3.659711075441412498e-01 4.410085632730732508e-01 1.777003484320557603e-01 1.927083333333333426e-01
nan nan nan nan nan nan nan nan 1.460674157303370746e-01 nan 1.968503937007874127e-01 nan nan nan 1.132075471698113234e-01 nan nan nan nan nan nan nan nan 1.830985915492957805e-01 nan 2.947368421052631304e-01 1.384615384615384692e-01 2.487309644670050723e-01 1.772727272727272763e-01 1.171171171171171144e-01 1.160714285714285754e-01 1.230769230769230838e-01 nan 2.990654205607476412e-01 nan nan nan nan 1.084337349397590383e-01 nan 3.037974683544303889e-01 1.555555555555555580e-01 1.400966183574879342e-01 1.484098939929328620e-01 2.023082145281737965e-01 1.298701298701298579e-01 2.760577915376676850e-01 1.304347826086956486e-01 2.180851063829787329e-01 4.032258064516128782e-01 3.865939204988308453e-01 2.610294117647058987e-01 2.607003891050583833e-01 3.596554199569275134e-01 4.126984126984126755e-01 1.785714285714285754e-01 4.375000000000000000e-01 1.776765375854214013e-01 2.212121212121212210e-01 3.865336658354114885e-01 nan 6.913875598086124397e-01 4.433797909407665716e-01 4.124767225325884357e-01 3.168067226890756150e-01 2.700460829493087633e-01 2.824902723735408516e-01 1.739130434782608647e-01 2.563106796116504937e-01 4.471299093655589085e-01 1.774193548387096864e-01 1.557788944723618174e-01
