4.824218799999999874e+01 7.851562500000000000e+01 6.100000000000000000e+01 6.700000000000000000e+01 6.093750000000000000e+01 6.781250000000000000e+01 6.093750000000000000e+01 7.075000000000000000e+01 7.961914099999999905e+01 8.046875000000000000e+01 nan nan nan nan nan nan nan nan nan nan nan nan
6.484375000000000000e+01 3.875000000000000000e+01 5.475000000000000000e+01 5.600000000000000000e+01 6.325000000000000000e+01 5.300000000000000000e+01 7.363281200000000126e+01 5.900000000000000000e+01 6.300000000000000000e+01 7.000000000000000000e+01 nan nan nan nan nan nan nan nan nan nan nan nan
6.875000000000000000e+01 5.507812500000000000e+01 4.335937500000000000e+01 5.100000000000000000e+01 5.800000000000000000e+01 7.216796899999999937e+01 6.289062500000000000e+01 6.200000000000000000e+01 7.070312500000000000e+01 7.000000000000000000e+01 nan nan 6.728515600000000063e+01 nan nan nan nan nan nan nan nan nan
6.589843799999999874e+01 5.300000000000000000e+01 5.576953100000000063e+01 4.763183599999999984e+01 6.600000000000000000e+01 6.413281200000000126e+01 7.656250000000000000e+01 5.507812500000000000e+01 5.997070300000000032e+01 6.100000000000000000e+01 nan nan nan nan 7.500000000000000000e+01 nan nan nan nan nan nan nan
5.800000000000000000e+01 5.727539099999999905e+01 6.800000000000000000e+01 7.265625000000000000e+01 4.238281200000000126e+01 4.700000000000000000e+01 5.500000000000000000e+01 7.052734399999999937e+01 7.579296899999999937e+01 7.265625000000000000e+01 nan nan nan nan nan nan nan nan nan nan nan nan
6.800000000000000000e+01 6.093750000000000000e+01 6.881250000000000000e+01 6.050000000000000000e+01 6.750000000000000000e+01 6.093750000000000000e+01 4.731054699999999968e+01 6.512500000000000000e+01 7.667187500000000000e+01 6.582031200000000126e+01 nan nan nan nan nan nan nan nan nan nan nan nan
6.679687500000000000e+01 6.950000000000000000e+01 6.679687500000000000e+01 7.500000000000000000e+01 5.800195300000000032e+01 7.265625000000000000e+01 4.921875000000000000e+01 6.900000000000000000e+01 8.046875000000000000e+01 7.775000000000000000e+01 nan nan nan nan nan nan nan nan nan nan nan nan
7.460937500000000000e+01 6.484375000000000000e+01 7.265625000000000000e+01 5.975000000000000000e+01 7.300000000000000000e+01 7.249218799999999874e+01 8.046875000000000000e+01 4.763281200000000126e+01 5.400000000000000000e+01 6.289062500000000000e+01 nan nan nan nan nan nan nan nan 6.982812500000000000e+01 6.321679699999999968e+01 nan nan
7.460937500000000000e+01 6.191406200000000126e+01 7.000000000000000000e+01 6.900000000000000000e+01 7.150000000000000000e+01 7.265625000000000000e+01 6.986328100000000063e+01 5.700000000000000000e+01 5.600000000000000000e+01 5.703125000000000000e+01 nan nan nan nan nan nan nan nan nan nan nan nan
7.656250000000000000e+01 6.887500000000000000e+01 7.600000000000000000e+01 6.825000000000000000e+01 7.678125000000000000e+01 7.300000000000000000e+01 8.400000000000000000e+01 6.875000000000000000e+01 5.300000000000000000e+01 5.117187500000000000e+01 nan nan nan nan nan nan nan nan nan nan nan nan
nan nan nan nan nan nan nan nan nan nan 4.900000000000000000e+01 6.875000000000000000e+01 5.410156200000000126e+01 7.167578100000000063e+01 7.070312500000000000e+01 7.642187500000000000e+01 7.600000000000000000e+01 6.191406200000000126e+01 8.100000000000000000e+01 7.265625000000000000e+01 7.726953100000000063e+01 7.445703100000000063e+01
nan nan nan nan nan nan 7.445703100000000063e+01 nan nan nan 7.033691399999999305e+01 6.800000000000000000e+01 6.496093799999999874e+01 7.800000000000000000e+01 7.400000000000000000e+01 6.508789099999999905e+01 7.400000000000000000e+01 6.150000000000000000e+01 7.363281200000000126e+01 7.265625000000000000e+01 8.300000000000000000e+01 7.500000000000000000e+01
nan nan 6.289062500000000000e+01 nan nan nan nan nan nan nan 5.898437500000000000e+01 7.085156200000000126e+01 5.501953100000000063e+01 6.144433599999999984e+01 5.600000000000000000e+01 7.347460900000000095e+01 7.192382800000000032e+01 6.244531200000000126e+01 8.046875000000000000e+01 7.936914099999999905e+01 7.265625000000000000e+01 7.656250000000000000e+01
nan nan nan nan nan nan nan nan nan nan 7.949218799999999874e+01 7.303613300000000663e+01 6.463281200000000126e+01 4.921875000000000000e+01 5.898437500000000000e+01 5.996093799999999874e+01 5.556640600000000063e+01 6.350000000000000000e+01 6.972656200000000126e+01 6.900000000000000000e+01 6.781250000000000000e+01 6.819628899999999305e+01
nan nan nan 6.979492199999999968e+01 nan nan nan nan nan nan 7.654687500000000000e+01 7.265625000000000000e+01 6.744628899999999305e+01 5.900000000000000000e+01 4.726562500000000000e+01 6.600000000000000000e+01 6.664257800000000032e+01 7.265625000000000000e+01 7.175976599999999905e+01 6.289062500000000000e+01 6.679687500000000000e+01 6.289062500000000000e+01
nan nan nan nan nan nan nan nan nan nan 6.950000000000000000e+01 5.800781200000000126e+01 7.753906200000000126e+01 6.372265600000000063e+01 6.875000000000000000e+01 4.335937500000000000e+01 6.093750000000000000e+01 6.093750000000000000e+01 8.000000000000000000e+01 7.400000000000000000e+01 7.460937500000000000e+01 7.000000000000000000e+01
nan nan nan nan nan nan nan nan nan nan 7.460937500000000000e+01 7.092578100000000063e+01 7.640234399999999937e+01 7.265625000000000000e+01 6.342187500000000000e+01 6.484375000000000000e+01 3.500000000000000000e+01 5.898437500000000000e+01 7.290039099999999905e+01 7.500000000000000000e+01 5.900000000000000000e+01 6.500000000000000000e+01
nan nan nan nan nan nan nan nan nan nan 6.294531200000000126e+01 6.459960900000000095e+01 6.300000000000000000e+01 7.070312500000000000e+01 6.350000000000000000e+01 6.000000000000000000e+01 5.206250000000000000e+01 5.200000000000000000e+01 7.698974599999999668e+01 7.800000000000000000e+01 8.100000000000000000e+01 7.656250000000000000e+01
nan nan nan nan nan nan nan 7.425000000000000000e+01 nan nan 8.242187500000000000e+01 9.200000000000000000e+01 7.509765600000000063e+01 7.307812500000000000e+01 7.265625000000000000e+01 7.558593799999999874e+01 7.200000000000000000e+01 8.150000000000000000e+01 4.482421899999999937e+01 5.477539099999999905e+01 6.925000000000000000e+01 6.949706999999999368e+01
nan nan nan nan nan nan nan 7.167968799999999874e+01 nan nan 7.605566399999999305e+01 7.425000000000000000e+01 7.363281200000000126e+01 6.900000000000000000e+01 7.000000000000000000e+01 7.291406200000000126e+01 6.289062500000000000e+01 7.000000000000000000e+01 5.507812500000000000e+01 4.750000000000000000e+01 6.386718799999999874e+01 6.343359399999999937e+01
nan nan nan nan nan nan nan nan nan nan 7.175000000000000000e+01 8.011718799999999874e+01 7.667187500000000000e+01 6.900000000000000000e+01 7.055078100000000063e+01 6.875000000000000000e+01 6.150000000000000000e+01 7.802734399999999937e+01 5.922851599999999905e+01 6.098437500000000000e+01 4.921875000000000000e+01 6.093750000000000000e+01
nan nan nan nan nan nan nan nan nan nan 7.839062500000000000e+01 8.559570300000000032e+01 7.225097700000000600e+01 6.484375000000000000e+01 6.925000000000000000e+01 6.775000000000000000e+01 6.044921899999999937e+01 7.725683600000000695e+01 6.240234399999999937e+01 6.484375000000000000e+01 5.924218799999999874e+01 4.958496099999999984e+01
