2.600000000000000000e+01 5.507812500000000000e+01 3.638378900000000016e+01 5.025000000000000000e+01 3.500000000000000000e+01 4.000000000000000000e+01 3.329687500000000000e+01 5.701562500000000000e+01 5.703125000000000000e+01 5.628320300000000032e+01 nan nan nan nan nan nan nan nan nan nan nan nan
3.750000000000000000e+01 1.900000000000000000e+01 2.736718799999999874e+01 2.700000000000000000e+01 4.317968799999999874e+01 2.578125000000000000e+01 4.400000000000000000e+01 3.600000000000000000e+01 3.972656200000000126e+01 4.700000000000000000e+01 nan nan nan nan nan nan nan nan nan nan nan nan
4.400000000000000000e+01 2.600000000000000000e+01 2.456054699999999968e+01 2.968750000000000000e+01 3.603515600000000063e+01 4.531250000000000000e+01 4.100000000000000000e+01 4.140625000000000000e+01 4.921875000000000000e+01 4.600000000000000000e+01 nan nan 5.356250000000000000e+01 nan nan nan nan nan nan nan nan nan
4.200000000000000000e+01 2.700000000000000000e+01 3.359375000000000000e+01 2.292578100000000063e+01 4.873046899999999937e+01 4.050000000000000000e+01 5.406250000000000000e+01 3.400000000000000000e+01 3.577343799999999874e+01 4.500000000000000000e+01 nan nan nan nan 6.150000000000000000e+01 nan nan nan nan nan nan nan
3.359375000000000000e+01 3.554687500000000000e+01 4.317968799999999874e+01 5.100000000000000000e+01 2.300000000000000000e+01 3.457031200000000126e+01 2.773437500000000000e+01 5.117187500000000000e+01 4.726562500000000000e+01 4.921875000000000000e+01 nan nan nan nan nan nan nan nan nan nan nan nan
4.663281200000000126e+01 3.554687500000000000e+01 4.400000000000000000e+01 3.329687500000000000e+01 4.238281200000000126e+01 2.480468799999999874e+01 3.115234399999999937e+01 4.800000000000000000e+01 5.100000000000000000e+01 4.000000000000000000e+01 nan nan nan nan nan nan nan nan nan nan nan nan
3.478515600000000063e+01 4.726562500000000000e+01 4.367968799999999874e+01 5.700000000000000000e+01 3.200000000000000000e+01 4.335937500000000000e+01 2.300000000000000000e+01 4.531250000000000000e+01 5.751562500000000000e+01 5.400000000000000000e+01 nan nan nan nan nan nan nan nan nan nan nan nan
5.800000000000000000e+01 4.000000000000000000e+01 5.000000000000000000e+01 2.968750000000000000e+01 5.400000000000000000e+01 5.200000000000000000e+01 5.800000000000000000e+01 2.200000000000000000e+01 2.984375000000000000e+01 3.750000000000000000e+01 nan nan nan nan nan nan nan nan 4.824218799999999874e+01 4.490625000000000000e+01 nan nan
3.300000000000000000e+01 4.100000000000000000e+01 4.900000000000000000e+01 4.300000000000000000e+01 5.200000000000000000e+01 5.400000000000000000e+01 4.300000000000000000e+01 3.400000000000000000e+01 2.700000000000000000e+01 2.400000000000000000e+01 nan nan nan nan nan nan nan nan nan nan nan nan
5.206250000000000000e+01 4.140625000000000000e+01 5.996093799999999874e+01 4.910937500000000000e+01 5.800000000000000000e+01 4.959765600000000063e+01 6.500000000000000000e+01 4.335937500000000000e+01 2.600000000000000000e+01 2.382812500000000000e+01 nan nan nan nan nan nan nan nan nan nan nan nan
nan nan nan nan nan nan nan nan nan nan 2.382812500000000000e+01 4.250488299999999953e+01 3.100000000000000000e+01 4.367968799999999874e+01 4.350000000000000000e+01 5.200000000000000000e+01 5.117187500000000000e+01 3.400000000000000000e+01 5.100000000000000000e+01 5.500000000000000000e+01 5.605468799999999874e+01 6.000000000000000000e+01
nan nan nan nan nan nan 5.456250000000000000e+01 nan nan nan 4.763281200000000126e+01 3.750000000000000000e+01 4.763281200000000126e+01 5.700000000000000000e+01 5.500000000000000000e+01 3.083203100000000063e+01 5.158593799999999874e+01 3.400000000000000000e+01 5.701562500000000000e+01 6.000000000000000000e+01 6.289062500000000000e+01 5.306250000000000000e+01
nan nan 4.921875000000000000e+01 nan nan nan nan nan nan nan 3.408203100000000063e+01 4.600000000000000000e+01 2.600000000000000000e+01 3.408203100000000063e+01 2.968750000000000000e+01 4.350000000000000000e+01 4.580078100000000063e+01 4.200000000000000000e+01 5.410156200000000126e+01 5.500000000000000000e+01 5.331250000000000000e+01 5.502734399999999937e+01
nan nan nan nan nan nan nan nan nan nan 4.860937500000000000e+01 5.500000000000000000e+01 3.139648400000000095e+01 2.480468799999999874e+01 3.100000000000000000e+01 4.000000000000000000e+01 3.261718799999999874e+01 4.700000000000000000e+01 4.335937500000000000e+01 4.500000000000000000e+01 4.466796899999999937e+01 4.021484399999999937e+01
nan nan nan 4.700000000000000000e+01 nan nan nan nan nan nan 4.975000000000000000e+01 4.921875000000000000e+01 4.100000000000000000e+01 3.300000000000000000e+01 2.500000000000000000e+01 3.280859399999999937e+01 3.900000000000000000e+01 4.726562500000000000e+01 4.500000000000000000e+01 3.800000000000000000e+01 4.300000000000000000e+01 3.972656200000000126e+01
nan nan nan nan nan nan nan nan nan nan 4.800000000000000000e+01 3.400000000000000000e+01 5.898437500000000000e+01 4.317968799999999874e+01 4.300000000000000000e+01 2.480468799999999874e+01 4.200000000000000000e+01 3.750000000000000000e+01 5.500000000000000000e+01 5.200000000000000000e+01 5.117187500000000000e+01 4.335937500000000000e+01
nan nan nan nan nan nan nan nan nan nan 5.100000000000000000e+01 4.500000000000000000e+01 5.256250000000000000e+01 3.359375000000000000e+01 4.400000000000000000e+01 3.379687500000000000e+01 1.503906199999999949e+01 2.968750000000000000e+01 4.238281200000000126e+01 5.117187500000000000e+01 3.359375000000000000e+01 3.700000000000000000e+01
nan nan nan nan nan nan nan nan nan nan 3.750000000000000000e+01 3.600000000000000000e+01 3.800000000000000000e+01 4.500000000000000000e+01 4.200000000000000000e+01 3.603515600000000063e+01 2.480468799999999874e+01 2.846679699999999968e+01 4.921875000000000000e+01 5.455078100000000063e+01 5.849218799999999874e+01 5.996093799999999874e+01
nan nan nan nan nan nan nan 5.300000000000000000e+01 nan nan 6.400000000000000000e+01 7.460937500000000000e+01 5.500000000000000000e+01 4.726562500000000000e+01 4.700000000000000000e+01 6.150000000000000000e+01 5.000000000000000000e+01 6.300000000000000000e+01 2.236328100000000063e+01 2.773437500000000000e+01 4.170312500000000000e+01 3.700000000000000000e+01
nan nan nan nan nan nan nan 4.970703100000000063e+01 nan nan 5.400000000000000000e+01 5.000000000000000000e+01 4.921875000000000000e+01 4.531250000000000000e+01 3.922656200000000126e+01 5.200000000000000000e+01 3.750000000000000000e+01 4.800000000000000000e+01 2.773437500000000000e+01 2.450000000000000000e+01 3.500000000000000000e+01 3.650000000000000000e+01
nan nan nan nan nan nan nan nan nan nan 5.157421899999999937e+01 6.442187500000000000e+01 5.306250000000000000e+01 3.922656200000000126e+01 4.713281200000000126e+01 5.200000000000000000e+01 3.945312500000000000e+01 6.100000000000000000e+01 2.822265600000000063e+01 3.725000000000000000e+01 2.400000000000000000e+01 2.578125000000000000e+01
nan nan nan nan nan nan nan nan nan nan 5.605468799999999874e+01 6.300000000000000000e+01 4.713281200000000126e+01 4.120312500000000000e+01 5.400000000000000000e+01 4.763281200000000126e+01 2.825000000000000000e+01 5.727539099999999905e+01 3.847656200000000126e+01 4.700000000000000000e+01 3.100000000000000000e+01 2.600000000000000000e+01
