3.302362800000000220e+01 5.312191899999999833e+01 4.193642799999999937e+01 4.785504300000000200e+01 4.170385699999999929e+01 4.353862800000000277e+01 3.898047700000000049e+01 5.074010200000000026e+01 5.509153400000000289e+01 5.326028300000000115e+01 nan nan nan nan nan nan nan nan nan nan nan nan
4.342945799999999679e+01 2.601802899999999852e+01 3.571431799999999868e+01 3.641261999999999688e+01 4.342340999999999696e+01 3.648487699999999734e+01 4.882997399999999999e+01 4.169859600000000199e+01 4.273147500000000321e+01 4.760423699999999769e+01 nan nan nan nan nan nan nan nan nan nan nan nan
4.469323800000000091e+01 3.558814900000000137e+01 3.236239499999999936e+01 3.603843100000000277e+01 4.041205699999999723e+01 4.702042500000000302e+01 4.392760299999999773e+01 4.320407800000000265e+01 4.998221800000000314e+01 4.870949300000000193e+01 nan nan 5.579236300000000170e+01 nan nan nan nan nan nan nan nan nan
4.401937199999999706e+01 3.567900199999999700e+01 3.886149499999999790e+01 3.015859400000000079e+01 4.756793199999999899e+01 4.480086099999999760e+01 5.447606199999999887e+01 3.774693599999999805e+01 3.970572899999999805e+01 4.411455200000000332e+01 nan nan nan nan 5.740556099999999873e+01 nan nan nan nan nan nan nan
3.903162199999999871e+01 4.008081099999999708e+01 4.484645499999999885e+01 5.125379000000000218e+01 3.166105100000000050e+01 3.626298400000000299e+01 3.549124499999999927e+01 5.011507100000000037e+01 4.997277199999999908e+01 5.066657500000000169e+01 nan nan nan nan nan nan nan nan nan nan nan nan
4.620852200000000209e+01 4.181495699999999971e+01 4.777108499999999935e+01 4.180901000000000067e+01 4.409266000000000219e+01 3.620629000000000275e+01 3.337744099999999747e+01 4.750379499999999666e+01 5.071459999999999724e+01 4.255094799999999822e+01 nan nan nan nan nan nan nan nan nan nan nan nan
4.114885199999999799e+01 4.830112499999999898e+01 4.565577700000000050e+01 5.269083599999999734e+01 3.858937999999999846e+01 4.566698099999999982e+01 3.275759899999999902e+01 4.778985200000000333e+01 5.613389800000000207e+01 5.309357700000000335e+01 nan nan nan nan nan nan nan nan nan nan nan nan
5.334834399999999732e+01 4.311214999999999975e+01 5.101569500000000090e+01 3.761794400000000138e+01 5.194075099999999878e+01 5.109886199999999690e+01 5.669830600000000231e+01 3.165122099999999961e+01 3.720533799999999758e+01 4.093598099999999818e+01 nan nan nan nan nan nan nan nan 4.856327000000000282e+01 4.800571500000000214e+01 nan nan
4.316001700000000341e+01 4.311438199999999910e+01 4.970491200000000021e+01 4.614416099999999687e+01 4.993033499999999947e+01 5.282024799999999942e+01 4.629482300000000095e+01 3.769998799999999761e+01 3.578113799999999856e+01 3.478638899999999978e+01 nan nan nan nan nan nan nan nan nan nan nan nan
5.055309299999999695e+01 4.496388300000000271e+01 5.475215299999999985e+01 4.848331999999999908e+01 5.397656200000000126e+01 4.765060799999999830e+01 5.889005199999999718e+01 4.442687000000000097e+01 3.466464100000000315e+01 3.321941400000000044e+01 nan nan nan nan nan nan nan nan nan nan nan nan
nan nan nan nan nan nan nan nan nan nan 3.162055300000000102e+01 4.412580400000000225e+01 3.705471899999999863e+01 4.548226100000000116e+01 4.710346499999999992e+01 5.010487100000000282e+01 4.822071600000000302e+01 4.065409300000000314e+01 5.310307699999999897e+01 5.317443999999999704e+01 5.445314400000000177e+01 5.475704000000000349e+01
nan nan nan nan nan nan 5.082820300000000202e+01 nan nan nan 4.741823300000000074e+01 4.272269299999999959e+01 4.661124900000000082e+01 5.786706699999999870e+01 5.363276599999999661e+01 3.967681400000000025e+01 4.971072900000000061e+01 3.899134000000000100e+01 5.502947999999999951e+01 5.594563500000000289e+01 5.803331200000000223e+01 5.175473999999999819e+01
nan nan 4.920533300000000310e+01 nan nan nan nan nan nan nan 3.968289500000000203e+01 4.756504799999999733e+01 3.503200100000000106e+01 3.996842000000000183e+01 3.859689099999999939e+01 4.576150799999999919e+01 4.886640599999999779e+01 4.300484300000000104e+01 5.313470499999999674e+01 5.418260099999999824e+01 5.029856300000000147e+01 5.509545200000000165e+01
nan nan nan nan nan nan nan nan nan nan 4.933465699999999998e+01 5.238584500000000332e+01 3.975106999999999857e+01 3.317891399999999891e+01 3.821607600000000105e+01 4.058493899999999854e+01 3.694856800000000163e+01 4.701954299999999876e+01 4.637868100000000027e+01 4.628603499999999826e+01 4.521342899999999787e+01 4.504093900000000161e+01
nan nan nan 4.796679699999999968e+01 nan nan nan nan nan nan 4.966544700000000034e+01 5.038736000000000104e+01 4.372524700000000308e+01 3.865791800000000222e+01 3.304463100000000253e+01 4.268806099999999759e+01 4.462652299999999883e+01 4.923237900000000167e+01 4.761240699999999748e+01 4.260255300000000034e+01 4.524034400000000034e+01 4.298387499999999761e+01
nan nan nan nan nan nan nan nan nan nan 4.845002499999999657e+01 3.730526700000000062e+01 5.447497400000000312e+01 4.386405599999999794e+01 4.561693100000000101e+01 3.223890699999999754e+01 4.289847100000000069e+01 4.058593199999999968e+01 5.535210899999999867e+01 5.055785600000000102e+01 5.066710100000000239e+01 4.401429799999999659e+01
nan nan nan nan nan nan nan nan nan nan 4.986401099999999786e+01 4.723771700000000351e+01 5.050240999999999758e+01 4.367663300000000248e+01 4.497223499999999774e+01 3.975425800000000010e+01 2.418769299999999944e+01 3.911237700000000217e+01 4.773089099999999974e+01 5.117642800000000136e+01 3.874989999999999668e+01 4.215407600000000343e+01
nan nan nan nan nan nan nan nan nan nan 4.206611500000000348e+01 4.167724900000000332e+01 4.371880199999999661e+01 4.604341999999999757e+01 4.508927299999999860e+01 4.091140899999999903e+01 3.249952300000000349e+01 3.510980200000000195e+01 5.124843299999999857e+01 5.453195600000000098e+01 5.699092699999999923e+01 5.814734500000000139e+01
nan nan nan nan nan nan nan 5.257610100000000131e+01 nan nan 5.515528400000000175e+01 6.619387000000000398e+01 5.245550099999999816e+01 5.155890999999999735e+01 4.748166299999999751e+01 5.803263599999999656e+01 4.726853700000000202e+01 6.028130800000000278e+01 3.051655699999999882e+01 3.662298299999999784e+01 4.419972400000000334e+01 4.480756499999999676e+01
nan nan nan nan nan nan nan 5.421297700000000219e+01 nan nan 5.097813500000000175e+01 4.736779400000000351e+01 5.104659999999999798e+01 4.700834799999999802e+01 4.396482300000000265e+01 5.083791699999999736e+01 4.343422699999999992e+01 4.905934799999999996e+01 3.692624800000000107e+01 3.324935099999999721e+01 4.230200399999999661e+01 4.200462199999999768e+01
nan nan nan nan nan nan nan nan nan nan 4.929861100000000107e+01 6.074220400000000097e+01 5.345603200000000044e+01 4.469562599999999719e+01 4.942122200000000021e+01 4.872501799999999861e+01 4.491758999999999702e+01 5.717940099999999859e+01 3.731386400000000236e+01 4.041498099999999738e+01 3.378349200000000252e+01 3.738613000000000142e+01
nan nan nan nan nan nan nan nan nan nan 5.467975500000000011e+01 5.765519199999999955e+01 4.796154599999999846e+01 4.506891399999999948e+01 4.976833500000000043e+01 4.782620200000000210e+01 3.705390899999999732e+01 5.526032000000000011e+01 4.148650599999999855e+01 4.522770799999999980e+01 3.858926199999999795e+01 3.535031500000000193e+01
