5.079266334908550534e-02 3.786736350879364721e-02 3.819761403298915087e-02 3.193866090095325017e-02 3.987431913870113226e-02 5.669467294931333778e-02 3.754259030446154694e-02 2.535337188727034355e-02 3.498595447923891905e-02 3.571756555769250996e-02 5.288025989744941230e-02 1.603890116652540443e-01 3.469545357076223718e-02 8.956739854416750912e-02 4.629815447641745518e-02 1.427382037379460178e-01 1.049329530973998337e-01 1.073434493398806588e-01 1.936148004977075732e-01 5.800004246110418427e-02 1.092469815160791446e-01 6.993618725097662525e-02
4.088201315984713730e-02 5.210549431762867556e-02 4.312067352488239969e-02 4.416158600636978931e-02 4.377105317166178622e-02 6.040599482615944399e-02 3.636500366313304144e-02 3.040832481972623527e-02 3.942636483734592717e-02 4.079952751621347684e-02 4.798445288840899603e-02 1.266647029771968691e-01 6.784385724736635703e-02 1.280045665697339963e-01 1.009998776801565024e-01 1.138108950760257920e-01 1.220766011909298066e-01 2.455195743495247329e-01 1.057408427597742728e-01 6.119543546045656812e-02 6.993618725097662525e-02 1.607383185605434639e-01
3.876219095398528852e-02 4.109303784334666226e-02 3.567461645065660159e-02 3.323580253362917736e-02 3.528580190967099683e-02 5.768399517751281874e-02 3.063227688358292553e-02 2.361421580700623357e-02 2.572368165844421059e-02 2.522813133652035064e-02 3.374286942215073276e-02 1.050339641654033790e-01 5.317738099680201225e-02 5.759356164362683383e-02 3.820321160769222374e-02 8.804698498806523554e-02 8.269473071902942729e-02 5.839444438505580343e-02 7.725650585373151913e-02 1.862899648410300951e-02 5.817403963765904046e-02 3.630427963693894783e-02
3.068918956030840250e-02 4.744602062017844180e-02 3.374134994969330004e-02 3.604605232703692042e-02 2.894561030470076818e-02 4.559391901760109084e-02 3.321069325088910756e-02 2.656792877390756757e-02 3.388535180725423673e-02 4.062194589467754691e-02 2.990967076717604770e-02 1.011329912472971743e-01 3.835111012690009535e-02 7.515569082421608149e-02 5.562014598684440064e-02 2.099641619349884580e-01 2.099641619349884580e-01 1.138246036127208288e-01 8.500934377859147018e-02 6.913767575742692240e-02 1.821209058191011199e-01 3.809628615373578109e-01
4.311977359408547539e-02 4.782753881899896170e-02 3.517954423664595986e-02 3.504211924789554095e-02 3.989363797436941417e-02 6.346636794873276866e-02 4.439830757887965051e-02 2.485555367972052884e-02 3.825278479745874982e-02 3.397534606059564311e-02 6.940595905663650422e-02 6.751709268973050959e-02 4.756351434931629929e-02 5.942930443092693527e-02 2.013934328564293691e-02 6.784385724736635703e-02 1.213819339119406454e-01 1.077965336583711214e-01 1.056082981608370275e-01 4.588360701955442739e-02 8.503223620940374150e-02 4.973263383471304006e-02
6.195452144132387179e-02 5.862788989668532569e-02 5.183182022665268340e-02 5.403309456040998604e-02 5.235108059535781982e-02 6.439785803531208885e-02 5.608852099079050801e-02 3.405258325198681074e-02 4.991309834119006528e-02 4.894236443300153949e-02 nan 1.389996491718173688e-01 2.099641619349884580e-01 2.854174148212371698e-01 2.272740130512162782e-01 3.706415575838594711e-01 2.292682995800220114e-01 1.951176648469639396e-01 3.274615969333262711e-01 1.707693057414993720e-01 2.272740130512162782e-01 3.010048489102398750e-01
3.297398991970193483e-02 2.831087716926773690e-02 2.901662460252787956e-02 2.903681348656198674e-02 3.525050037360345084e-02 4.522518746236871973e-02 3.578012853903946022e-02 2.428931883965263980e-02 2.802108487366853848e-02 2.729467663675942332e-02 8.041546252273584772e-02 7.657248396745569563e-02 4.366891660090118504e-02 9.983516429982064455e-02 7.222516934035150271e-02 1.496813276065086240e-01 1.021648821154323428e-01 1.079965441939963605e-01 9.413839991354819303e-02 4.798445288840899603e-02 1.438192838647300020e-01 1.607383185605434639e-01
2.733793653569337526e-02 2.816154275818344432e-02 1.962848582408483616e-02 2.514406717179771059e-02 2.449370883235830673e-02 3.341022009352527522e-02 2.290823837469781882e-02 1.865108912700162019e-02 2.864075288210955056e-02 3.112997619319375978e-02 2.539171169179174972e-02 9.099106753621995225e-02 4.584202103821316543e-02 5.405948268385450672e-02 6.837432315595153021e-02 2.718136272412727816e-01 1.138246036127208288e-01 1.175635168385471691e-01 6.594639453934944551e-02 4.977661230789087038e-02 5.900299381572987611e-02 8.269473071902942729e-02
3.378564116034224463e-02 3.990506402257065072e-02 2.986359146041440288e-02 3.446597499170431927e-02 3.582858772966623917e-02 5.413459101355553443e-02 3.824971181291415834e-02 2.818172901041803013e-02 3.355027144171771059e-02 3.706999129415353145e-02 1.487938242192647365e-01 8.528711756106432951e-02 9.547832642918085977e-02 9.099106753621995225e-02 9.693961058128303110e-02 2.476136336469768606e-01 1.821209058191011199e-01 1.138108950760257920e-01 1.134640729517635560e-01 9.665751074427482437e-02 1.165941736293701625e-01 1.644577168760611718e-01
3.938820044194318165e-02 4.466542022597072559e-02 3.167929480873577647e-02 4.021364787029480664e-02 3.378620736716352740e-02 3.828163723182047978e-02 3.631016193385411261e-02 2.955741851928168212e-02 3.782452294845232293e-02 3.861073867117959663e-02 2.272740130512162782e-01 1.426625957843793702e-01 2.476136336469768606e-01 1.438192838647300020e-01 1.438192838647300020e-01 1.255500266478777882e-01 1.480470807103706488e-01 1.220766011909298066e-01 1.124452196398698228e-01 9.461173438475908859e-02 1.314638170499644598e-01 1.521907579044960712e-01
5.455092732140241762e-02 4.682761188893827531e-02 2.296117206334097327e-02 3.035936637521580855e-02 9.153481410527454509e-02 2.718136272412727816e-01 5.274983871844145245e-02 2.370142381626950956e-02 8.025505355898272797e-02 1.138108950760257920e-01 3.295019655611513415e-02 3.225872669020463795e-02 2.962099499650484510e-02 3.545971569019432112e-02 2.271532867962590754e-02 2.784707572963657923e-02 5.591458843038401433e-02 3.303051246967419335e-02 3.692258752049730475e-02 2.775996138564243432e-02 3.156582180084153977e-02 2.634134258253383043e-02
1.085868761986327341e-01 1.021855325314440094e-01 6.196643210878104852e-02 1.215747174679710635e-01 9.693428841767419424e-02 1.501510776692969451e-01 7.983122211789658862e-02 9.099106753621995225e-02 1.050339641654033790e-01 1.138874208396169901e-01 3.190239472074019034e-02 4.303850361245498135e-02 2.142537226182423746e-02 2.805843761962905844e-02 2.768874659242676062e-02 4.232622234953032497e-02 5.312891240579934587e-02 2.870308365860120559e-02 2.202394185086743034e-02 2.252112081138015268e-02 2.733987887026521554e-02 3.395250488097291408e-02
2.531314751297748106e-02 5.046221317221189634e-02 5.233190825332497548e-02 2.458756591851142190e-02 7.965147499478220094e-02 2.099641619349884580e-01 3.749309578013094307e-02 4.752933769991482538e-02 6.246246082212415784e-02 6.651455309058061649e-02 2.899104942576658309e-02 2.698311114337777553e-02 3.121727295911611369e-02 3.509255734359630757e-02 2.457904357515044991e-02 3.104387226414547993e-02 5.086957407734503389e-02 3.404670713224795114e-02 2.843897101518030185e-02 1.838544206552268634e-02 2.307034187643837789e-02 1.944937153603528215e-02
1.092469815160791446e-01 9.908469653118803788e-02 4.323646122512495027e-02 3.490509149695562863e-02 7.578293353312501313e-02 1.950677444450527043e-01 1.011329912472971743e-01 6.701419200497750472e-02 1.558567769586708951e-01 1.707693057414993720e-01 3.459106082054116960e-02 2.783099359671051959e-02 3.211575499742986423e-02 4.491681496407527729e-02 3.233259763157051575e-02 5.251842522837956578e-02 8.232632111072539505e-02 4.506953387948873374e-02 4.412338455614491645e-02 3.707106908122123623e-02 4.325735045821668678e-02 4.500168596544416172e-02
2.591530203061673948e-02 8.756722678801069637e-02 3.863856789463866737e-02 5.294759184451629935e-02 3.378965508132823758e-02 2.292682995800220114e-01 3.058305405346752048e-02 5.816742410314089395e-02 5.741259066946016731e-02 6.492617232672384664e-02 1.775349775534480756e-02 2.380724514621941970e-02 2.324562938538533505e-02 3.089399685620386124e-02 2.205022187046944138e-02 2.871848388343357233e-02 4.185453376989720087e-02 2.426545187915507898e-02 3.028132222553072198e-02 2.080032840178446668e-02 2.803467105405788723e-02 2.210677233545844250e-02
7.835421151132780648e-02 8.528711756106432951e-02 8.804698498806523554e-02 6.784385724736635703e-02 1.057408427597742728e-01 3.367230529138357520e-01 9.910209779392076257e-02 1.050339641654033790e-01 1.138108950760257920e-01 8.293216956898864789e-02 2.617609484078991730e-02 4.248588514051077764e-02 2.505082080120700841e-02 3.619255250044253747e-02 2.620888890322262132e-02 3.982476632679690653e-02 6.639410528138167678e-02 3.384154328025414105e-02 4.114420226501468159e-02 4.047315563280769884e-02 3.679643246555387021e-02 4.289466359987879895e-02
8.095772524958404215e-02 1.220766011909298066e-01 5.562614353050422678e-02 8.025505355898272797e-02 1.266826119863766198e-01 2.726403227632813175e-01 4.314401573095357628e-02 7.578293353312501313e-02 1.066122451266711679e-01 9.023859478918011545e-02 5.792642442316892071e-02 5.651343986231410071e-02 3.870128029779032475e-02 5.730980209680548026e-02 3.853677079599718280e-02 6.861972953571235379e-02 8.016284766006885609e-02 5.278348254955478325e-02 4.544427132906206368e-02 4.181468018890665411e-02 4.687542196972159514e-02 5.059016748529895913e-02
6.701419200497750472e-02 1.634193373935493299e-01 4.323646122512495027e-02 5.562614353050422678e-02 1.239265144414392339e-01 2.176725437228916593e-01 8.881022087193132797e-02 6.341181605714771297e-02 6.818251567999551732e-02 7.372847625073611355e-02 3.007930127835710746e-02 3.345242059002198620e-02 2.715862340241277303e-02 3.512877752327633885e-02 2.315075752160485056e-02 3.687081379387371904e-02 5.119978188574280525e-02 3.138106098281857881e-02 2.138204872242540494e-02 2.325018011722128006e-02 2.379762232328618346e-02 2.259845630967425092e-02
1.607383185605434639e-01 5.926456918054285455e-02 8.628926423343551144e-02 7.547386846364541324e-02 1.241817997430071097e-01 3.367230529138357520e-01 1.336092633562415144e-01 8.896564261817781205e-02 1.287078563395259445e-01 8.205960844019469236e-02 4.459377886007063335e-02 4.396617951544858072e-02 3.530437067324188050e-02 4.281219833870828634e-02 3.144545775219868139e-02 4.480878000534227468e-02 7.968823613624277657e-02 3.050049130843762724e-02 4.669195673678630532e-02 3.467412877573204655e-02 4.852343316760899389e-02 4.711679934945916387e-02
3.679593377564963769e-02 3.305488974097820637e-02 2.232501482253000311e-02 4.983087930535527038e-02 3.446235251818552392e-02 1.438192838647300020e-01 2.776960696780385665e-02 6.976931279094948646e-02 1.098945392196267606e-01 8.095772524958404215e-02 2.652222916681594433e-02 2.611683081331575562e-02 1.928094810840250486e-02 3.552134319786519334e-02 2.117770545424199971e-02 3.217480477676214201e-02 4.894412560253544320e-02 2.345096422887714069e-02 3.611035678215672451e-02 3.118579177364557906e-02 3.743461719126791459e-02 3.366524444195341526e-02
7.372847625073611355e-02 1.231677718909412467e-01 4.275466154732388696e-02 6.196643210878104852e-02 6.341181605714771297e-02 2.272740130512162782e-01 6.341181605714771297e-02 7.385037013868267497e-02 1.154890865072512873e-01 1.164758271765910097e-01 2.790357226458997641e-02 2.957405412644856582e-02 2.597203895068177920e-02 4.037724984623317082e-02 2.729490082241117083e-02 4.612955232141278256e-02 6.397581548291775277e-02 2.303504581573688828e-02 4.567210007129165333e-02 3.644820990360028018e-02 3.880349861193895661e-02 4.290129146840987451e-02
5.678831278518709641e-02 1.427382037379460178e-01 3.441279399744536643e-02 3.490509149695562863e-02 7.795499955264197089e-02 2.718136272412727816e-01 6.651455309058061649e-02 4.761345073695705254e-02 1.130386918307258598e-01 1.038090882219086242e-01 2.272737619396662453e-02 3.178596842879907042e-02 2.159824655419532655e-02 3.598997241460215324e-02 2.470859970114816159e-02 5.320992238661420570e-02 6.887517489114372560e-02 3.184093751714847653e-02 4.301681018786881333e-02 3.314207675640568063e-02 4.532429949102739775e-02 4.904338439755479007e-02
