1.366214644389762978e-01 1.366214644389762978e-01 6.993618725097662525e-02 1.438192838647300020e-01 8.025505355898272797e-02 2.476136336469768606e-01 2.680441302099209611e-01 6.341181605714771297e-02 7.578293353312501313e-02 1.316081928054340378e-01 nan nan nan nan nan nan nan nan nan nan nan nan
2.718136272412727816e-01 2.099641619349884580e-01 1.241817997430071097e-01 1.138108950760257920e-01 1.950677444450527043e-01 1.138246036127208288e-01 1.634193373935493299e-01 7.721008157878381239e-02 2.990967076717604770e-02 2.926529690525777119e-02 nan nan nan nan 4.357751717092057109e-01 nan nan nan nan nan nan nan
1.241817997430071097e-01 7.070329522688266477e-02 4.682761188893827531e-02 5.562614353050422678e-02 8.528711756106432951e-02 7.795499955264197089e-02 6.651455309058061649e-02 1.441832964956397088e-02 1.837215181442686598e-02 1.270446777820583711e-02 3.809628615373578109e-01 nan nan 3.809628615373578109e-01 2.476136336469768606e-01 3.809628615373578109e-01 nan nan 2.476136336469768606e-01 1.607383185605434639e-01 1.438192838647300020e-01 2.099641619349884580e-01
nan 4.357751717092057109e-01 3.367230529138357520e-01 nan nan 4.357751717092057109e-01 nan 1.707693057414993720e-01 9.413839991354819303e-02 6.993618725097662525e-02 nan nan nan nan 3.809628615373578109e-01 nan nan nan nan nan nan nan
8.269473071902942729e-02 3.091969008171086344e-02 1.585223273782548556e-02 1.985439152946786787e-02 3.235572331106371935e-02 9.708391625019391347e-02 6.732588769741741641e-02 3.117045343746635208e-02 3.966314287500340846e-02 3.467756206390659041e-02 3.809628615373578109e-01 2.476136336469768606e-01 3.706415575838594156e-01 3.809628615373578109e-01 2.476136336469768606e-01 2.476136336469768606e-01 nan 3.809628615373578109e-01 1.821209058191011199e-01 2.099641619349884580e-01 2.476136336469768606e-01 1.950677444450527043e-01
4.697334734129097328e-02 2.273630388272799771e-02 1.230508915744994713e-02 1.618686854700101055e-02 2.075930115800951950e-02 6.196643210878104852e-02 3.202505247218720430e-02 1.904510895594976883e-02 3.045388450823708834e-02 3.164590392311565636e-02 3.809628615373578109e-01 1.950677444450527043e-01 2.476136336469768606e-01 2.718136272412727816e-01 1.707693057414993720e-01 3.367230529138357520e-01 2.099641619349884580e-01 3.010048489102398750e-01 7.178233962939632729e-02 5.046221317221189634e-02 1.707693057414993720e-01 3.809628615373578109e-01
4.378040450218921575e-02 2.507975272830724814e-02 1.419140381516510035e-02 2.723365720013655109e-02 1.639409996047795637e-02 4.287803174231018255e-02 2.610200635478001144e-02 1.003802510834295170e-02 1.144462889098729272e-02 1.548075244625355014e-02 8.269473071902942729e-02 1.050339641654033790e-01 8.528711756106432951e-02 2.718136272412727816e-01 2.345416470451795049e-02 3.809628615373578109e-01 1.050339641654033790e-01 1.607383185605434639e-01 5.046221317221189634e-02 3.749309578013094307e-02 5.926456918054285455e-02 1.438192838647300020e-01
3.075445134913068132e-02 2.729755200147434765e-02 1.629922821383355050e-02 2.183038650599246344e-02 1.578716292451785158e-02 4.819871777455576184e-02 2.835963067418120764e-02 9.463392011918718774e-03 1.253601409930893244e-02 1.495558693114345736e-02 2.272740130512162782e-01 1.821209058191011199e-01 8.804698498806523554e-02 3.010048489102398750e-01 3.782029158761269355e-02 1.607383185605434639e-01 nan 2.718136272412727816e-01 4.540370209318098788e-02 3.406296880046175840e-02 5.240836858943999366e-02 5.926456918054285455e-02
1.753251510978595315e-02 7.570573437437704695e-03 6.795868538959471718e-03 8.732449741638009452e-03 1.545692156482584602e-02 1.057989028578266814e-02 1.045014623343192006e-02 6.617226230699865819e-03 7.355462076675597406e-03 7.410140809468595408e-03 3.552641538394689380e-02 4.255928704121114681e-02 2.229903283904350469e-02 3.667247668133818972e-02 1.800656247820358116e-02 4.779956345754422797e-02 4.190298991790612076e-02 5.549514872503699681e-02 1.161775402261159586e-02 7.832398563875924216e-03 1.045514352690683768e-02 1.766012896009922298e-02
5.926456918054285455e-02 4.973708875478890373e-02 2.955594084103266295e-02 2.667879190793542507e-02 4.465755451156115663e-02 5.046221317221189634e-02 7.070329522688266477e-02 1.750586477039580910e-02 1.697900057319421188e-02 3.205237212908779165e-02 3.010048489102398750e-01 nan 2.272740130512162782e-01 nan 1.607383185605434639e-01 nan nan nan 2.099641619349884580e-01 9.249137837619519908e-02 9.099106753621995225e-02 2.272740130512162782e-01
1.117917236357490914e-02 1.377809224342866831e-02 5.689248369037238316e-03 5.298677343337976874e-03 1.696097264804854662e-02 1.829588165898315966e-02 1.197748005310143860e-02 9.694394924612824080e-03 1.061991940136968772e-02 1.133853377346095634e-02 4.005013642418318864e-02 3.707824831853138992e-02 3.165195574759144953e-02 3.128745044919565427e-02 3.150107911942352096e-02 4.445595535365418766e-02 3.403070167355601999e-02 4.190298991790612076e-02 1.922840822338145114e-02 1.247116015728212679e-02 2.013934328564293691e-02 1.985439152946786787e-02
3.305488974097820637e-02 1.769291427227696195e-02 1.353064868227739359e-02 1.896305007322802647e-02 2.755447331210900824e-02 4.064928192251297812e-02 4.255928704121114681e-02 1.764286522876308549e-02 2.591639427695167919e-02 2.441817090915117741e-02 7.372847625073611355e-02 1.438192838647300020e-01 8.528711756106432951e-02 8.804698498806523554e-02 1.002556688752571368e-01 1.607383185605434639e-01 1.187712532832855272e-01 1.607383185605434639e-01 7.178233962939632729e-02 6.993618725097662525e-02 6.993618725097662525e-02 4.697334734129097328e-02
5.398493404036289189e-02 5.158566045133631400e-02 2.693897157752872182e-02 2.745336751230633213e-02 5.004108016187700653e-02 5.089999391921380678e-02 4.761345073695705254e-02 2.670507658459618516e-02 3.849223073033707782e-02 2.934013630592358091e-02 3.010048489102398750e-01 1.187712532832855272e-01 2.099641619349884580e-01 nan 2.518895579304359922e-01 2.476136336469768606e-01 8.804698498806523554e-02 1.438192838647300020e-01 9.099106753621995225e-02 7.372847625073611355e-02 1.607383185605434639e-01 1.909609249328599601e-01
5.303258879882746801e-02 4.204945677641414026e-02 3.781376577215164736e-02 2.184669667615089100e-02 4.221994897898358190e-02 7.071098577734961921e-02 4.868292175622902090e-02 3.202081831047553367e-02 2.041317303157789281e-02 2.475345834283280283e-02 nan nan nan nan 1.821209058191011199e-01 nan nan nan nan nan nan nan
5.059467493179361716e-03 1.060914326444730924e-02 5.858281552605427468e-03 1.014185305847355861e-02 1.023210003509946939e-02 1.228191639066827240e-02 7.042993045588828716e-03 9.008810804815912607e-03 1.114803470744664578e-02 1.223669111947469496e-02 2.159014187272033716e-02 2.496278489527792299e-02 2.248358870670960283e-02 4.900560263986489945e-02 1.766012896009922298e-02 4.255928704121114681e-02 4.064928192251297812e-02 3.890329799514016806e-02 1.789277396782227095e-02 1.598218608774750957e-02 2.129131209077346834e-02 3.730108335484064869e-02
2.818511088506589837e-02 2.234123105796028200e-02 3.714448573221888067e-02 2.229947433521450861e-02 2.075787607784601238e-02 1.894682569749695997e-02 2.109733069430212715e-02 1.379495396982350318e-02 1.296927903894201997e-02 1.637909519853233270e-02 3.367230529138357520e-01 3.809628615373578109e-01 3.809628615373578109e-01 3.010048489102398750e-01 3.010048489102398750e-01 nan nan 3.809628615373578109e-01 nan nan 3.809628615373578109e-01 3.367230529138357520e-01
2.284230020700275463e-02 3.044558233812110978e-02 2.164516425555079032e-02 1.984099754983714020e-02 2.042992510314518839e-02 3.495461045478834988e-02 2.615582028433379239e-02 1.104383824129998547e-02 2.133649182800281818e-02 1.741645990920472065e-02 3.010048489102398750e-01 nan 2.099641619349884580e-01 3.809628615373578109e-01 1.438192838647300020e-01 4.357751717092057109e-01 2.718136272412727816e-01 nan 3.367230529138357520e-01 1.950677444450527043e-01 3.367230529138357520e-01 2.099641619349884580e-01
2.033978585835034478e-02 2.934680377558648509e-02 2.672139569214117619e-02 2.737920081120085586e-02 2.646714184266149225e-02 3.808697817104188948e-02 1.961959981707046830e-02 1.689898030938787737e-02 2.146362708329563329e-02 2.114084778740606130e-02 1.438192838647300020e-01 1.607383185605434639e-01 1.138108950760257920e-01 9.461173438475908859e-02 9.099106753621995225e-02 3.367230529138357520e-01 3.809628615373578109e-01 3.010048489102398750e-01 5.141689235103350658e-02 5.343880971810117952e-02 8.095772524958404215e-02 8.269473071902942729e-02
4.635834359615465666e-02 2.792422366964292940e-02 2.806465531927839277e-02 2.176750884579690612e-02 2.787543062198190313e-02 4.498022377057420140e-02 2.637536989680625346e-02 2.054461504154422163e-02 3.277920096307925663e-02 3.571412025373644356e-02 2.125233228173533523e-02 5.890572195581595533e-02 3.240704792802689971e-02 5.451055713762444077e-02 3.150107911942352096e-02 1.101010667704736129e-01 9.735229201872330762e-02 5.046221317221189634e-02 1.336092633562415144e-01 4.221611864917342027e-02 1.101010667704736129e-01 1.138246036127208288e-01
6.534544045617832198e-02 5.839444438505580343e-02 6.947575934789754215e-02 3.011981140415797426e-02 4.642039089666275681e-02 5.926456918054285455e-02 1.966642558970576465e-02 1.687134708391235111e-02 1.100583132905325924e-02 1.819592772610461109e-02 3.809628615373578109e-01 3.010048489102398750e-01 3.809628615373578109e-01 nan 1.438192838647300020e-01 3.809628615373578109e-01 nan 3.010048489102398750e-01 1.607383185605434639e-01 1.607383185605434639e-01 1.301063895550240157e-01 3.367230529138357520e-01
3.892276450669156229e-02 2.363215137070504707e-02 2.806227805647449128e-02 2.353097244919412356e-02 2.475746659385027679e-02 3.943616746393836803e-02 2.435493033873143906e-02 9.958066816671882690e-03 1.548961390894812613e-02 1.322857192493968534e-02 2.092492998847527222e-02 6.171872419300326873e-02 2.651516149883260953e-02 3.835415345852061231e-02 1.545034144056191446e-02 7.811730168805917918e-02 3.535935129616483985e-02 1.046049231756994158e-01 5.451055713762444077e-02 3.015266777627200259e-02 5.801428014375035330e-02 4.067888538908195212e-02
2.821464838845262266e-02 1.875003368818569174e-02 2.284722699562160078e-02 1.818571041857720838e-02 1.665205712821465553e-02 1.578716292451785158e-02 1.495715907736315173e-02 1.497430214732054302e-02 2.077289785105821199e-02 1.577143227668078435e-02 2.591530203061673948e-02 2.451230669898002770e-02 2.955594084103266295e-02 3.772951161408528292e-02 2.345416470451795049e-02 9.099106753621995225e-02 4.465755451156115663e-02 2.286201847996058648e-02 1.125784984830964092e-01 5.488260292531937923e-02 9.709845324768795471e-02 1.821209058191011199e-01
1.734280747616772506e-02 9.950591512943586861e-03 8.616767749850415270e-03 1.730078510535239603e-02 9.209661955445201317e-03 9.016276596998364090e-03 1.265947134290918222e-02 6.636653714476352384e-03 6.991982219993348943e-03 7.719477329666869087e-03 5.800004246110418427e-02 7.902786052571696140e-02 1.092469815160791446e-01 6.818251567999551732e-02 8.804698498806523554e-02 5.926456918054285455e-02 1.187712532832855272e-01 1.241817997430071097e-01 1.187712532832855272e-01 1.187664676456226392e-01 8.528711756106432951e-02 9.751072495546907193e-02
2.404300699158944815e-02 2.320564324418722749e-02 2.054590591118140783e-02 2.144722411461857242e-02 2.434631995766737764e-02 3.217522818687414826e-02 2.530598804056276296e-02 1.543795555030883469e-02 2.129185801587055518e-02 2.020454234528230170e-02 5.235494471531774302e-02 4.985424016112180445e-02 2.811336492141958132e-02 5.080086440901088879e-02 1.806499944516683567e-02 9.341697608044459422e-02 8.331003217991707344e-02 7.354932480755074775e-02 7.528373941193088059e-02 2.873982388476892594e-02 5.371694878046719829e-02 4.019104099673381780e-02
2.149546174496765050e-01 1.266647029771968691e-01 9.461173438475908859e-02 8.956739854416750912e-02 7.372847625073611355e-02 3.010048489102398750e-01 1.707693057414993720e-01 9.202072703070410253e-02 5.451055713762444077e-02 1.518121915780855369e-01 nan nan nan nan 3.809628615373578109e-01 nan nan nan nan nan nan nan
2.604365943627101609e-02 2.993748824696441241e-02 2.243304412843320425e-02 2.584581306152582483e-02 2.449623884783422648e-02 3.235624091062197505e-02 2.614495658966639602e-02 2.034041397760417286e-02 2.509769740830645676e-02 2.666319723858602206e-02 1.175635168385471691e-01 9.612609793359838672e-02 8.441403580311615529e-02 6.196643210878104852e-02 8.428874559394157473e-02 1.071632193066655581e-01 1.245562551385799716e-01 7.222516934035150271e-02 8.052936728998272287e-02 7.595900995549127732e-02 8.888355345536447238e-02 1.148830436403834171e-01
2.733793653569337526e-02 2.806190992103132706e-02 1.961492611569862210e-02 2.508934731404057275e-02 2.449370883235830673e-02 3.341022009352527522e-02 2.290823837469781882e-02 1.860790723165316532e-02 2.848126519286756433e-02 3.104475571807941911e-02 2.539171169179174972e-02 9.099106753621995225e-02 4.584202103821316543e-02 5.405948268385450672e-02 6.837432315595153021e-02 2.718136272412727816e-01 1.138246036127208288e-01 1.175635168385471691e-01 6.594639453934944551e-02 4.977661230789087038e-02 5.900299381572987611e-02 8.269473071902942729e-02
7.783422712881037965e-03 8.731665230938842268e-03 5.631896701646825661e-03 8.573593802239730388e-03 7.417908093187761294e-03 1.226776328727848669e-02 8.764690195724320759e-03 7.229819230736924535e-03 1.026619276932283845e-02 1.100016563082034833e-02 7.266670013667184819e-03 2.905209214799248096e-02 1.600252176104113508e-02 2.543012832343371707e-02 1.916403245698559618e-02 6.794565466807596377e-02 2.026114757646931691e-02 1.467091684937741648e-02 1.240612719005106113e-02 1.375255187759474342e-02 1.801405928678641646e-02 3.627047600757880852e-02
1.556595433602174332e-02 2.034773105357984280e-02 1.712345787815116802e-02 1.734176085488405364e-02 1.477880071383413756e-02 2.358619745429919520e-02 1.428314834629524667e-02 1.177577919276845235e-02 1.391273080978111878e-02 1.386323656528646101e-02 1.762791458291698005e-02 3.433415927359349806e-02 2.667503429859874320e-02 3.040531690248039418e-02 2.777973002052114976e-02 6.332279426040209047e-02 2.610200635478001144e-02 3.440269984035656398e-02 4.364751472790791981e-02 2.078830544516305223e-02 3.360882298671570567e-02 2.694338315274890164e-02
1.645079493144886718e-02 1.223993143246963379e-02 1.293938403751287644e-02 1.031260699388102803e-02 1.169134454318617768e-02 1.657401544664344195e-02 1.331345630709744599e-02 8.813380647057396378e-03 1.171480037079132043e-02 1.195783104539768944e-02 2.036977196396411519e-02 3.792423442859801930e-02 1.628774844625891297e-02 2.294293259005623573e-02 6.644700305981064183e-03 5.489111935356601191e-02 2.561932630062475208e-02 2.868779391809388873e-02 4.591332415544599477e-02 1.987826931591243906e-02 1.743345572659515605e-02 1.921520623090556407e-02
1.589570083306305129e-02 2.259149585503800531e-02 1.581512588996972224e-02 2.091554863043535231e-02 1.362954613341651328e-02 2.461704217736578049e-02 9.676261241476712127e-03 1.662916825528932066e-02 2.312207721057511073e-02 2.030852025551734691e-02 2.738198272323563373e-02 2.864809771830862523e-02 2.142749438140401433e-02 1.801141011871212547e-02 2.102407466588238766e-02 4.697334734129097328e-02 3.535935129616483985e-02 2.519428981735926873e-02 6.047088767951103866e-02 2.612057631752231351e-02 6.243706775525299790e-02 5.240836858943999366e-02
2.756812598025392552e-02 1.227115666944966765e-02 1.511237791986523409e-02 1.322581214103201071e-02 1.010177264710146114e-02 1.328240888394643764e-02 9.854564652704801350e-03 1.119714164559530538e-02 1.215410494417759092e-02 1.191542655058464018e-02 5.763629441562435202e-02 6.396294591176418520e-02 2.286201847996058648e-02 3.749309578013094307e-02 2.593637847056292842e-02 8.095772524958404215e-02 6.993618725097662525e-02 6.818915929550531385e-02 6.239520503389063555e-02 2.973354089735897460e-02 5.240836858943999366e-02 6.993618725097662525e-02
2.312294190092421819e-02 4.495014048143960994e-02 3.101528126478393307e-02 3.808493648490422073e-02 2.729651309107524945e-02 4.090911653143449594e-02 1.224626678967809419e-02 3.292839459547693831e-02 3.670134475136763857e-02 4.088201315984713730e-02 1.366214644389762978e-01 2.022694440619842438e-01 1.301063895550240157e-01 1.438192838647300020e-01 9.099106753621995225e-02 1.383195241321927282e-01 3.367230529138357520e-01 1.011329912472971743e-01 8.634270201166974190e-02 5.642908971794256129e-02 1.366214644389762978e-01 2.476136336469768606e-01
1.421796297003858484e-02 1.707979928685581655e-02 1.266399293384466024e-02 1.442910462398350538e-02 1.268174382223990690e-02 1.744874645726701007e-02 9.858532097316715162e-03 1.299422571551771266e-02 1.790494359877141742e-02 1.823880713184271307e-02 1.902030297403122308e-02 2.473549521375614790e-02 3.751494489954836087e-02 3.083752879881148171e-02 3.715647685321537413e-02 5.549514872503699681e-02 2.473549521375614790e-02 2.496278489527792299e-02 2.792422366964292940e-02 1.242763412970229568e-02 3.448075200325572548e-02 2.505751648547759405e-02
1.493251113388053587e-02 7.846175929949773808e-03 7.690028116948546995e-03 7.800263009424394413e-03 9.451733393790589036e-03 1.119099436435736644e-02 1.627770116171724929e-02 5.182147391729638106e-03 5.342215905246456772e-03 5.707581710007862165e-03 4.566736689216694539e-02 9.099106753621995225e-02 3.058305405346752048e-02 6.196643210878104852e-02 2.006644214403225865e-02 1.438192838647300020e-01 7.178233962939632729e-02 5.800004246110418427e-02 1.590258673801180772e-02 1.262506101031318426e-02 1.658210664390165692e-02 2.990967076717604770e-02
3.403070167355601999e-02 3.597355247655954075e-02 7.227997898020679414e-03 1.281512063979164950e-02 2.125233228173533523e-02 2.895340904212826555e-02 6.341181605714771297e-02 2.146798979626351675e-02 2.442185779309558741e-02 2.392693670212394860e-02 3.582558740493173299e-02 6.818251567999551732e-02 5.926456918054285455e-02 1.707693057414993720e-01 3.782029158761269355e-02 1.950677444450527043e-01 6.993618725097662525e-02 1.366214644389762978e-01 5.739496679829010628e-02 3.490509149695562863e-02 3.630427963693894783e-02 6.649901325323033519e-02
nan nan nan nan nan 4.357751717092057109e-01 nan nan 3.010048489102398750e-01 nan nan 2.640856206090247404e-01 2.476136336469768606e-01 nan 1.092469815160791446e-01 4.357751717092057109e-01 4.357751717092057109e-01 2.272740130512162782e-01 2.272740130512162782e-01 7.178233962939632729e-02 1.707693057414993720e-01 2.476136336469768606e-01
3.809628615373578109e-01 nan 2.272740130512162782e-01 nan 3.010048489102398750e-01 1.950677444450527043e-01 nan 1.011329912472971743e-01 9.413839991354819303e-02 2.476136336469768606e-01 1.438192838647300020e-01 1.607383185605434639e-01 6.651455309058061649e-02 1.138108950760257920e-01 4.190298991790612076e-02 1.427382037379460178e-01 nan 7.372847625073611355e-02 9.426094566051666790e-02 4.572518426629740979e-02 7.381386409572406049e-02 1.677833628221960804e-01
3.010048489102398750e-01 nan 1.438192838647300020e-01 nan 6.993618725097662525e-02 3.010048489102398750e-01 nan 6.341181605714771297e-02 2.476136336469768606e-01 1.607383185605434639e-01 7.578293353312501313e-02 9.099106753621995225e-02 6.058541740160328093e-02 1.011329912472971743e-01 5.286986742212123475e-02 4.117871162286437792e-02 1.101010667704736129e-01 5.046221317221189634e-02 3.679593377564963769e-02 2.108736051251241042e-02 3.265298641083162756e-02 4.519319091029973950e-02
nan nan nan nan nan 3.809628615373578109e-01 nan nan nan nan nan 2.272740130512162782e-01 1.187712532832855272e-01 nan 9.099106753621995225e-02 2.718136272412727816e-01 nan 1.707693057414993720e-01 1.607383185605434639e-01 3.582558740493173299e-02 1.187712532832855272e-01 1.607383185605434639e-01
1.438192838647300020e-01 2.854174148212371698e-01 1.011329912472971743e-01 nan 1.821209058191011199e-01 2.099641619349884580e-01 nan 7.372847625073611355e-02 7.795499955264197089e-02 1.092469815160791446e-01 6.811603582468025997e-02 3.469545357076223718e-02 3.408892946136188318e-02 5.981101262593894324e-02 1.171798747369008978e-02 5.152506570051185869e-02 1.675479006884507127e-01 4.109893586785411113e-02 6.269672634376552423e-02 3.795446026569598147e-02 3.437682127758816958e-02 5.587927510403747217e-02
1.518121915780855369e-01 7.178233962939632729e-02 6.341181605714771297e-02 6.341181605714771297e-02 1.821209058191011199e-01 1.301063895550240157e-01 1.900191890099049707e-01 3.535137523399940751e-02 5.633256425676114870e-02 1.607383185605434639e-01 2.108736051251241042e-02 4.900560263986489945e-02 1.935690660835165042e-02 2.493595718249722037e-02 1.471690018600208850e-02 7.333088028466883124e-02 7.795499955264197089e-02 2.958397607402428811e-02 3.381777071602273116e-02 3.127297816437932254e-02 3.179105357535146059e-02 3.740333566735852544e-02
8.269473071902942729e-02 1.050339641654033790e-01 9.202072703070410253e-02 7.178233962939632729e-02 5.678831278518709641e-02 8.093307493842263889e-02 1.762934685015536962e-01 2.286201847996058648e-02 6.196643210878104852e-02 5.678831278518709641e-02 1.411456814462804486e-02 2.029948116902087138e-02 1.353910324522921045e-02 2.118845359151351818e-02 5.557532260730295437e-03 1.788180300959332086e-02 3.749309578013094307e-02 1.181996547951188678e-02 2.509070566682402095e-02 1.402780956503500535e-02 1.280013728789850501e-02 2.106972598265190871e-02
1.187712532832855272e-01 8.269473071902942729e-02 4.190298991790612076e-02 3.535935129616483985e-02 4.064928192251297812e-02 6.651455309058061649e-02 1.951176648469639396e-01 1.423580187599807548e-02 3.319903930511520357e-02 5.926456918054285455e-02 1.869579182431637190e-02 2.055195376390371587e-02 1.055617599631450410e-02 1.179365711740264569e-02 3.832932048474952617e-03 2.122417001514415383e-02 2.512332579192518359e-02 9.959834065363647529e-03 1.284631458722124316e-02 1.083820669776346633e-02 7.460187140048072166e-03 1.515351433162206995e-02
3.058305405346752048e-02 2.567042322816956781e-02 1.431079951673380063e-02 1.618686854700101055e-02 1.618686854700101055e-02 5.451055713762444077e-02 4.465755451156115663e-02 6.269056648556043353e-03 1.710414950046749982e-02 2.337074175302113893e-02 7.501168090087581390e-03 5.757299934441247914e-03 6.001831066719448549e-03 6.971985023888053849e-03 2.606113494609597816e-03 1.178752099601043483e-02 2.681272127877540323e-02 7.865628304533314741e-03 6.756131717416855378e-03 7.027071407154844747e-03 7.117789087066808858e-03 8.394826638817465270e-03
2.476136336469768606e-01 nan 1.821209058191011199e-01 1.950677444450527043e-01 3.010048489102398750e-01 4.900560263986489945e-02 1.134640729517635560e-01 6.993618725097662525e-02 2.099641619349884580e-01 1.301063895550240157e-01 3.630427963693894783e-02 4.393552429673515392e-02 2.762884912147512556e-02 4.195287478935207787e-02 2.697526174413519481e-02 8.269473071902942729e-02 5.240836858943999366e-02 4.064928192251297812e-02 2.023060356123840275e-02 2.370502400748559710e-02 1.282442589140556435e-02 2.930412609896974191e-02
4.900560263986489945e-02 4.697334734129097328e-02 3.319903930511520357e-02 3.279826424941585661e-02 1.571854850877967349e-02 8.269473071902942729e-02 4.064928192251297812e-02 1.221096368663560951e-02 3.261609520337996337e-02 2.117256069156821241e-02 9.016276596998364090e-03 8.987808409320389991e-03 5.798564138464369286e-03 1.210705041506233461e-02 4.444968838683760123e-03 1.897568000404820793e-02 1.934712531350412518e-02 6.917282933434311908e-03 1.609271080952535266e-02 1.243928621715777172e-02 1.214340444594016154e-02 1.422645038990506122e-02
3.010048489102398750e-01 2.272740130512162782e-01 1.607383185605434639e-01 1.518121915780855369e-01 nan 3.809628615373578109e-01 9.461173438475908859e-02 4.617519533630786571e-02 1.707693057414993720e-01 1.138108950760257920e-01 4.865534952446597117e-02 4.697334734129097328e-02 2.258303943997515620e-02 2.286201847996058648e-02 1.208284845365037614e-02 6.492617232672384664e-02 7.178233962939632729e-02 2.805638995895178012e-02 4.137608884441889429e-02 2.540962687380855789e-02 2.285070463864875487e-02 2.982763608324500923e-02
2.476136336469768606e-01 1.607383185605434639e-01 3.010048489102398750e-01 3.010048489102398750e-01 9.099106753621995225e-02 3.809628615373578109e-01 1.950677444450527043e-01 6.161295179553723939e-02 1.212062626961717127e-01 9.099106753621995225e-02 4.067888538908195212e-02 3.403070167355601999e-02 2.365842186166415215e-02 2.437688927094108435e-02 2.180966090592582896e-02 6.039341525318479148e-02 7.588761047010522676e-02 2.807021729066216248e-02 5.090721949855876033e-02 3.249128217515406813e-02 4.385271632677012477e-02 4.924449718428934586e-02
8.528711756106432951e-02 1.366214644389762978e-01 2.958397607402428811e-02 1.187712532832855272e-01 5.240836858943999366e-02 1.518121915780855369e-01 1.138246036127208288e-01 1.301063895550240157e-01 5.800004246110418427e-02 5.204906245765935496e-02 2.394932893170318919e-02 1.990506377219822959e-02 2.682969385407498950e-02 5.161868168592972927e-02 1.640237805921728950e-02 2.626087184833933094e-02 6.920369187247195353e-02 2.323106481863930137e-02 4.924449718428934586e-02 2.298041659403783632e-02 2.065439639094579158e-02 3.298170700114261278e-02
1.956835152164795172e-02 3.446235251818552392e-02 1.590258673801180772e-02 4.393552429673515392e-02 1.213683447889803840e-02 3.627548638907752282e-02 9.904864630115797416e-03 3.098987806694648156e-02 3.833132940586677501e-02 2.260315369514466835e-02 7.481517619863911096e-03 8.354276100606020800e-03 5.073392530277211383e-03 7.888074238507011143e-03 7.332675261093217663e-03 9.948962300733471542e-03 1.375312268341958959e-02 5.320969315955142304e-03 1.352351538646493455e-02 8.367808947984842552e-03 1.229281028069854377e-02 1.357806610983149607e-02
1.950677444450527043e-01 1.438192838647300020e-01 9.413839991354819303e-02 6.818251567999551732e-02 1.707693057414993720e-01 1.518121915780855369e-01 2.395078476917590904e-01 1.187712532832855272e-01 7.795499955264197089e-02 7.473943272399249937e-02 3.740387393606992017e-02 3.205729091015033227e-02 2.484744079781323403e-02 1.615688685409845393e-02 9.731021695817416994e-03 1.700480824902734361e-02 3.098987806694648156e-02 1.542831829936569879e-02 2.159307732265470722e-02 1.476852545609144175e-02 1.132989788663187232e-02 1.262207620590914681e-02
3.809628615373578109e-01 1.950677444450527043e-01 1.518121915780855369e-01 8.269473071902942729e-02 3.010048489102398750e-01 4.357751717092057109e-01 3.010048489102398750e-01 3.367230529138357520e-01 1.821209058191011199e-01 9.413839991354819303e-02 8.761486173043304265e-03 2.313528005946814334e-02 5.328162678818428553e-03 1.970808953145351122e-02 1.310671579324506654e-02 3.113738316226941083e-02 4.483370284183803289e-02 2.301034414027409297e-02 1.797776777116505756e-02 1.549182803290074378e-02 1.658474770946258281e-02 2.530016721598557852e-02
7.578293353312501313e-02 8.095772524958404215e-02 3.701031985756753767e-02 8.804698498806523554e-02 2.694338315274890164e-02 2.272740130512162782e-01 6.058541740160328093e-02 3.788678264996126616e-02 4.446332222427147596e-02 3.059253561191050894e-02 1.075759574930152014e-02 1.623601384263198902e-02 9.096904319013802628e-03 1.947221953043590248e-02 1.550087776673778582e-02 1.960471116106641751e-02 3.317374123089783522e-02 1.280701655751837267e-02 2.755023126778085099e-02 1.842869603756623967e-02 1.877369175518970451e-02 2.078500669672270207e-02
4.125226606068056051e-02 4.416546396709765399e-02 4.117871162286437792e-02 5.360678759873811067e-02 7.197429424819676291e-02 1.518121915780855369e-01 5.473895128659005821e-02 1.126702300545736474e-01 7.007303801371821128e-02 1.501510776692969451e-01 2.814596219794855692e-02 2.947230019479620336e-02 2.652775221841779593e-02 3.129291633388364691e-02 2.109783216580282672e-02 2.670092086470388093e-02 4.588599715883623364e-02 2.158143923041067752e-02 4.174069163757056916e-02 2.606250683547414737e-02 3.212999839231693577e-02 3.313434305307180749e-02
2.099641619349884580e-01 2.476136336469768606e-01 1.383195241321927282e-01 1.092469815160791446e-01 1.011329912472971743e-01 4.357751717092057109e-01 1.821209058191011199e-01 1.950677444450527043e-01 1.187712532832855272e-01 1.220766011909298066e-01 8.005981886231458566e-02 2.956317388371789909e-02 5.054234565740059471e-02 4.064928192251297812e-02 2.552018313067081282e-02 2.180966090592582896e-02 5.839444438505580343e-02 1.827227354886191632e-02 4.164705077521313470e-02 3.197885862423342079e-02 2.141610927592056679e-02 1.517011362299033016e-02
2.211748185222347021e-02 4.697334734129097328e-02 2.029948116902087138e-02 4.393552429673515392e-02 2.108736051251241042e-02 8.025505355898272797e-02 2.096838377352465074e-02 5.800004246110418427e-02 6.924412100773102985e-02 5.243041478040254277e-02 2.521164413995069173e-02 2.924726071259431057e-02 2.266246529046252525e-02 2.793901478726000531e-02 1.516778943216675994e-02 2.304829780529999914e-02 2.879511431730131729e-02 1.753578211731391182e-02 2.367670474615295520e-02 2.028475146680536884e-02 1.524640404618570096e-02 1.863490564351745829e-02
5.459158741378433016e-02 5.286986742212123475e-02 3.890329799514016806e-02 5.981101262593894324e-02 6.196643210878104852e-02 3.367230529138357520e-01 4.323646122512495027e-02 7.715033169938549651e-02 1.126702300545736474e-01 1.821209058191011199e-01 2.795229376530898244e-02 1.562930989481492797e-02 2.174950294698007117e-02 2.061820829183235934e-02 1.401966837889180757e-02 1.063788865968597931e-02 3.238066319652854047e-02 1.501061334619705270e-02 3.363743604698094664e-02 1.955745982284592260e-02 2.366908450111049680e-02 1.438040868635436474e-02
3.782029158761269355e-02 5.240836858943999366e-02 4.255928704121114681e-02 6.196643210878104852e-02 2.365842186166415215e-02 1.138108950760257920e-01 1.151922074051505915e-02 2.718136272412727816e-01 4.954232101127743065e-02 5.678831278518709641e-02 1.153408241373305582e-02 1.750908864758180666e-02 8.014913795210673597e-03 5.268686789172825034e-03 5.391866292858333437e-03 1.190771473443861909e-02 7.045759677918326039e-03 9.488102989574894244e-03 4.476251250077376877e-03 9.782938483633063856e-03 8.065011157525689076e-03 9.192771493743978617e-03
3.813321547198540024e-02 5.552769169653085091e-02 2.045231201270968427e-02 2.738198272323563373e-02 7.455987661764444663e-02 1.687812364194843928e-01 4.188317889975361891e-02 2.864809771830862523e-02 3.924961560957435786e-02 4.672763585435798367e-02 1.969086707877791900e-02 2.409495349888702773e-02 1.722389434626070068e-02 2.358311972876077009e-02 1.594361162103811666e-02 2.638328456740714201e-02 3.892106714537216239e-02 2.151325795736288085e-02 1.910030004271133508e-02 1.916965881802786681e-02 2.010470985684561715e-02 2.355948154129169914e-02
3.809628615373578109e-01 nan nan nan 2.718136272412727816e-01 nan 2.854174148212371698e-01 nan nan nan 2.099641619349884580e-01 2.476136336469768606e-01 2.476136336469768606e-01 2.476136336469768606e-01 1.752063773523008239e-01 1.050339641654033790e-01 3.010048489102398750e-01 1.438192838647300020e-01 3.809628615373578109e-01 1.707693057414993720e-01 2.718136272412727816e-01 2.149546174496765050e-01
3.535935129616483985e-02 9.624803706240191159e-02 2.298601740988141795e-02 2.365842186166415215e-02 3.782029158761269355e-02 1.607383185605434639e-01 3.582558740493173299e-02 4.942520876031087501e-02 8.957619597988361604e-02 9.134901675844328550e-02 1.907458184358303346e-02 2.201240509235471987e-02 1.753990998024036393e-02 2.775427992607535851e-02 1.896489952986453106e-02 3.606717447934529308e-02 4.780421132797181560e-02 1.946734446528652906e-02 3.232622049054260926e-02 2.595862267660346487e-02 3.031180706454758914e-02 3.284286771802111260e-02
3.165195574759144953e-02 2.304915856941713859e-02 2.649842346285439382e-02 3.552641538394689380e-02 2.895340904212826555e-02 1.241817997430071097e-01 3.059452063927584065e-02 5.571031652889806701e-02 8.491053176579510531e-02 6.076539312623003425e-02 2.316729551075498092e-02 2.380600527999353344e-02 1.780105123155426364e-02 2.739033693015983581e-02 1.763704597329119120e-02 2.585647836151895237e-02 4.273640294105498366e-02 1.824628274435372358e-02 2.895078834289862083e-02 2.311099913909111375e-02 2.982741062331200135e-02 2.779130112565922697e-02
1.663838172306188884e-02 3.413278391221396396e-02 1.492354808882410261e-02 7.256013979545650194e-02 9.219673367992502200e-03 4.224860163754386166e-02 1.916390871536959375e-02 2.892364016543716096e-02 2.988939026266761168e-02 4.124467543573477613e-02 4.357070690433072907e-03 7.898187298569905868e-03 4.554816843618094378e-03 6.747547647336290047e-03 5.259260584397055897e-03 9.704319281351198728e-03 1.345545918605821345e-02 5.410414279456752552e-03 1.000394787566558086e-02 9.231681025308297386e-03 9.526147337116305791e-03 1.064789544341060087e-02
1.125487279440249254e-02 3.064318303531636534e-02 1.961964762275113933e-02 2.323428069138983379e-02 2.717844981953389943e-02 7.721008157878381239e-02 1.004947581526324449e-02 2.611769266195621345e-02 3.223093194982332155e-02 2.473549521375614790e-02 1.170162113033334020e-02 1.234506496339351188e-02 1.335536291427915322e-02 1.771744405497207089e-02 1.199367726595335082e-02 1.606151359575066009e-02 2.988329649881147840e-02 1.434992426022802837e-02 1.620769553433595508e-02 1.130307607030232864e-02 1.470030928513855334e-02 1.357370195276554406e-02
2.009893893750071270e-02 1.987099286594191244e-02 1.191434265422428550e-02 1.487946967618706054e-02 2.515116323641058971e-02 6.221367912276527801e-02 2.224907142216525288e-02 1.603821010004242292e-02 3.035531095241499056e-02 4.138475324046887033e-02 1.192622593929505183e-02 1.486363061213410650e-02 9.917121829076882764e-03 1.230280607891191987e-02 8.749591897462133394e-03 1.403745737213708648e-02 2.024647315192808564e-02 1.074431809028483266e-02 1.374404283942008871e-02 9.733335920195812854e-03 1.176302428620841500e-02 1.223278261239596661e-02
2.748862656309620373e-02 3.582558740493173299e-02 1.529090708314937742e-02 2.767523657151057040e-02 4.190298991790612076e-02 1.950677444450527043e-01 3.679593377564963769e-02 2.176698585754756332e-02 3.588290528528279011e-02 1.484413976458708040e-01 1.053961339461735071e-02 8.245444678707671005e-03 1.093347246152984870e-02 1.784593399816349069e-02 1.410026048057750822e-02 8.554062338212986560e-03 2.117421016874148493e-02 1.012696720523904338e-02 2.292153190429070675e-02 1.598276398339607690e-02 1.867942084741353384e-02 1.718234980632759104e-02
3.903214289712348545e-02 6.924412100773102985e-02 2.156542971840631415e-02 2.176310570476202091e-02 1.463798034966141415e-01 1.821209058191011199e-01 8.269473071902942729e-02 1.847346611781371453e-02 4.393552429673515392e-02 1.066122451266711679e-01 1.804279513657205611e-02 8.139214320500709823e-03 1.621676814881613596e-02 1.289777791034526361e-02 1.286517030831138900e-02 6.176195492324449213e-03 1.527656424183255687e-02 8.008472911924227958e-03 2.013983222607985957e-02 1.332360438601132291e-02 8.300013267235648723e-03 1.022356222517505249e-02
6.058541740160328093e-02 6.818251567999551732e-02 2.429310935595057827e-02 2.519428981735926873e-02 1.241817997430071097e-01 2.718136272412727816e-01 1.301063895550240157e-01 3.751494489954836087e-02 9.413839991354819303e-02 2.476136336469768606e-01 2.200409037830420439e-02 2.298601740988141795e-02 1.948761544182382385e-02 3.169256434841203479e-02 2.325584379451011569e-02 1.885478835998021657e-02 3.467691576184460389e-02 2.256645075005294168e-02 4.256467149550302587e-02 3.130023900930051922e-02 3.129961187526874439e-02 2.928776585101106403e-02
2.141990539785894668e-02 4.393552429673515392e-02 3.197885862423342079e-02 5.605532945935225164e-02 1.942839989333060985e-02 5.800004246110418427e-02 2.258303943997515620e-02 2.275434554722022273e-02 2.465499715854435267e-02 2.728301987900548509e-02 8.983704488151351281e-03 1.003032640458689263e-02 9.483289088250940191e-03 1.534403408705123546e-02 1.117831261539633213e-02 1.258623994228358182e-02 1.873193549992639012e-02 7.613134039285969143e-03 1.965003342396908978e-02 1.374345699494760806e-02 1.723048664370502997e-02 1.838574359596510666e-02
5.562614353050422678e-02 4.854932582086880777e-02 2.955594084103266295e-02 2.248358870670960283e-02 1.902030297403122308e-02 3.890329799514016806e-02 8.102773107572346090e-02 5.745123103204572909e-03 2.229903283904350469e-02 1.990007549759210612e-02 1.164092259073838675e-02 1.276416500721885665e-02 8.931834070428941799e-03 1.088907250387414517e-02 4.717714731247890821e-03 7.505127166809625466e-03 2.180966090592582896e-02 8.940051739929583824e-03 8.108272876419159170e-03 8.069668504832670786e-03 1.004655940633314079e-02 7.717335894064980550e-03
2.718136272412727816e-01 2.022694440619842438e-01 7.178233962939632729e-02 3.446235251818552392e-02 1.092469815160791446e-01 1.821209058191011199e-01 1.808236316043189407e-01 2.273630388272799771e-02 7.178233962939632729e-02 6.818251567999551732e-02 3.265298641083162756e-02 2.591530203061673948e-02 2.287700198599612253e-02 1.943819802372695818e-02 1.646644823090367277e-02 3.403070167355601999e-02 3.408628943605442746e-02 4.090911653143449594e-02 4.966852164247181900e-02 3.164829310615124153e-02 3.253416425018980374e-02 3.381976581374317864e-02
