3.899333200000000232e+01 5.585739199999999727e+01 4.641684000000000054e+01 5.867814700000000272e+01 4.309406200000000098e+01 nan 4.648189099999999740e+01 6.301740999999999815e+01 5.487890600000000063e+01 nan nan nan nan nan nan nan nan nan nan nan nan nan
nan 2.902700000000000102e+01 3.411771000000000242e+01 3.963653000000000048e+01 4.204759099999999705e+01 3.959259699999999782e+01 nan 4.887264400000000109e+01 4.484954700000000116e+01 4.894893299999999670e+01 nan nan nan nan nan nan nan nan nan nan nan nan
4.736245199999999755e+01 3.208267200000000230e+01 3.175448700000000102e+01 4.001560500000000076e+01 4.017018999999999807e+01 nan 5.009734799999999666e+01 4.409911600000000220e+01 5.514449499999999915e+01 5.068261700000000047e+01 nan nan nan nan nan nan nan nan nan nan nan nan
nan 3.597553800000000024e+01 4.194875799999999799e+01 3.568431000000000353e+01 5.016875000000000284e+01 nan nan 4.142923700000000053e+01 3.910511000000000337e+01 4.511747700000000094e+01 nan nan nan nan nan nan nan nan nan nan nan nan
4.642540499999999781e+01 4.730867400000000345e+01 4.921070999999999884e+01 5.548660300000000234e+01 4.034597399999999823e+01 4.479576500000000294e+01 4.246269199999999699e+01 5.835182499999999806e+01 5.193673900000000287e+01 5.931463099999999855e+01 nan nan nan nan nan nan nan nan nan nan nan nan
nan 4.138655599999999879e+01 4.819957399999999836e+01 4.152911900000000145e+01 4.373836800000000125e+01 3.743313799999999958e+01 4.718863900000000200e+01 5.037314200000000142e+01 4.986513999999999669e+01 5.196629200000000282e+01 nan nan nan nan nan nan nan nan nan nan nan nan
4.912788499999999914e+01 5.818712800000000129e+01 4.837651699999999977e+01 nan 4.205484599999999773e+01 4.161338700000000301e+01 3.139312899999999829e+01 5.488847400000000221e+01 5.815603999999999729e+01 5.688309999999999889e+01 nan nan nan nan nan nan nan nan nan nan nan nan
nan 4.837158399999999858e+01 5.553407899999999842e+01 4.718303499999999673e+01 5.320926699999999698e+01 4.946072600000000108e+01 6.518619800000000453e+01 3.690767000000000309e+01 3.716689099999999968e+01 4.216859399999999880e+01 nan nan nan nan nan nan nan nan nan nan nan nan
nan 4.508033199999999852e+01 5.274600600000000128e+01 4.917953500000000133e+01 6.042915599999999898e+01 5.337500000000000000e+01 nan 3.960179300000000069e+01 3.234282799999999725e+01 3.303986600000000351e+01 nan nan nan nan nan nan nan nan nan nan nan nan
4.916704500000000166e+01 5.513533300000000281e+01 6.178896100000000047e+01 4.915853500000000054e+01 5.025703099999999779e+01 3.990795500000000118e+01 6.204539299999999713e+01 4.815446599999999933e+01 3.487074900000000355e+01 3.317563499999999976e+01 nan nan nan nan nan nan nan nan nan nan nan nan
nan nan nan nan nan nan nan nan nan nan 3.596873200000000281e+01 5.061899700000000024e+01 4.596323000000000292e+01 5.295121300000000275e+01 5.527245099999999667e+01 4.941176500000000260e+01 6.050844699999999676e+01 4.677105300000000199e+01 6.318338700000000330e+01 5.693565900000000113e+01 6.451293599999999628e+01 nan
nan nan nan nan nan nan nan nan nan nan 5.150319300000000311e+01 4.807366700000000037e+01 5.413785099999999773e+01 nan 5.748664500000000288e+01 4.245768799999999743e+01 4.763271000000000299e+01 3.921011099999999772e+01 nan nan 6.965676700000000210e+01 nan
nan nan nan nan nan nan nan nan nan nan 4.413851900000000228e+01 4.940202699999999680e+01 3.860379100000000108e+01 4.231593900000000019e+01 4.298640900000000187e+01 4.587439899999999682e+01 nan 4.143359399999999937e+01 4.978973100000000329e+01 5.656374799999999681e+01 5.611756299999999698e+01 nan
nan nan nan nan nan nan nan nan nan nan 5.895627199999999846e+01 nan 4.407500399999999985e+01 3.430426700000000295e+01 4.132948199999999872e+01 4.047112800000000021e+01 4.484005299999999750e+01 4.146305699999999916e+01 5.052040800000000331e+01 4.666945100000000224e+01 4.801712200000000053e+01 4.514808899999999880e+01
nan nan nan nan nan nan nan nan nan nan 5.291975399999999752e+01 nan 4.697359900000000010e+01 4.050165499999999952e+01 3.863865700000000203e+01 3.855790400000000062e+01 nan 5.075950399999999973e+01 4.864239599999999797e+01 4.779558500000000265e+01 5.119104600000000005e+01 4.363198200000000071e+01
nan nan nan nan nan nan nan nan nan nan 5.710448300000000188e+01 3.727338699999999960e+01 5.800144300000000186e+01 4.845981100000000197e+01 5.029837299999999800e+01 3.085839599999999905e+01 3.903729400000000282e+01 4.211972300000000047e+01 nan 5.602432999999999907e+01 5.844024000000000285e+01 5.056288599999999889e+01
nan nan nan nan nan nan nan nan nan nan 5.553925199999999762e+01 5.003354800000000324e+01 4.946798100000000176e+01 4.459175299999999709e+01 5.233563699999999841e+01 3.980668299999999959e+01 2.629954000000000036e+01 4.183135899999999907e+01 nan 5.991213799999999878e+01 4.710147800000000018e+01 4.547497599999999807e+01
nan nan nan nan nan nan nan nan nan nan 4.545796599999999899e+01 3.917811300000000330e+01 4.357772400000000346e+01 4.230183099999999996e+01 4.777189800000000020e+01 3.922003000000000128e+01 3.519964099999999974e+01 3.620741100000000046e+01 nan 5.774373899999999793e+01 5.902213499999999868e+01 nan
nan nan nan nan nan nan nan nan nan nan nan nan 5.644795599999999780e+01 4.287548499999999763e+01 5.620470600000000161e+01 nan nan nan 3.586092699999999667e+01 3.767464700000000022e+01 4.627176800000000156e+01 4.794057999999999709e+01
nan nan nan nan nan nan nan 5.597488799999999998e+01 nan nan 5.685236900000000304e+01 nan 5.783959500000000276e+01 4.427382300000000015e+01 4.745058399999999921e+01 5.078308799999999934e+01 nan nan 3.789553099999999830e+01 3.890906499999999824e+01 4.324315699999999651e+01 4.299924200000000241e+01
nan nan nan nan nan nan nan nan nan nan 6.000746399999999880e+01 nan 5.659090199999999982e+01 4.641537199999999785e+01 5.281973700000000349e+01 4.855867400000000345e+01 4.654034399999999749e+01 nan 4.008149300000000181e+01 4.435010900000000333e+01 3.497199700000000178e+01 4.269741599999999693e+01
nan nan nan nan nan nan nan nan nan nan nan nan nan 4.496353599999999773e+01 5.824565100000000228e+01 5.227193900000000326e+01 3.577093099999999737e+01 nan 4.828889600000000115e+01 4.895118500000000239e+01 4.208563999999999794e+01 3.915066800000000313e+01
