5.682305819552345427e-02
2.655510194600382845e-02
1.251347214041862409e-02
3.679593377564963769e-02
1.925457399982136858e-02
2.242765010775695303e-02
1.223475062789221475e-02
1.065033035559855706e-02
6.417546109387590667e-03
1.995617730032176254e-02
6.913465698912405095e-03
1.907837279544091422e-02
1.835821405334661996e-02
1.466174690517424092e-02
6.380486857608036119e-03
1.392133066847484925e-02
1.479798471910620007e-02
1.051821250314134357e-02
1.443588873820237858e-02
1.665587831070903732e-02
1.205352763937361446e-02
1.163542186306563628e-02
7.913675773368187422e-03
1.126315313888792691e-02
4.654635320548056177e-02
1.058380582262974552e-02
1.151920264087174899e-02
5.083698511295964111e-03
7.077830523790874621e-03
7.241036498477250102e-03
1.050007311878241659e-02
9.958493433551604893e-03
1.902643828043211124e-02
7.286526000021338600e-03
9.074306935959487730e-03
2.144656979704673283e-02
3.010048489102398750e-01
6.701419200497750472e-02
6.269236907225173017e-02
nan
4.330711346702366404e-02
3.229737274235885275e-02
4.400779640535992104e-02
2.412981760068047196e-02
9.506196047596610424e-03
5.839444438505580343e-02
1.772348112658017616e-02
4.318340085757815805e-02
3.338422273849616512e-02
3.523866494334754185e-02
1.920191724690790622e-02
3.886224411396645845e-02
7.902786052571696140e-02
2.198559361891821995e-02
5.932819269030352449e-02
6.161295179553723939e-02
3.078992579613577460e-02
6.360317126777993713e-02
4.090911653143449594e-02
3.202221892364891936e-02
nan
3.144703113953881829e-02
2.957197113638587727e-02
2.158782175191186967e-02
2.008079711707352541e-02
2.697227432117833487e-02
2.390022875791309939e-02
2.057161764070123550e-02
5.194642723768153753e-02
1.503910151183083035e-02
1.218572238477976140e-02
5.459779481938097090e-02
