8.900000000000000000e+01
2.120000000000000000e+02
6.130000000000000000e+02
6.900000000000000000e+01
1.108000000000000000e+03
1.121000000000000000e+03
2.384000000000000000e+03
3.191000000000000000e+03
7.105000000000000000e+03
9.820000000000000000e+02
8.427000000000000000e+03
1.339000000000000000e+03
1.142000000000000000e+03
9.410000000000000000e+02
7.954000000000000000e+03
1.183000000000000000e+03
1.267000000000000000e+03
4.325000000000000000e+03
1.811000000000000000e+03
8.540000000000000000e+02
2.229000000000000000e+03
2.471000000000000000e+03
3.109000000000000000e+03
4.776000000000000000e+03
8.700000000000000000e+01
4.778000000000000000e+03
4.657000000000000000e+03
1.402800000000000000e+04
9.314000000000000000e+03
1.047700000000000000e+04
5.083000000000000000e+03
3.096000000000000000e+03
1.364000000000000000e+03
8.587000000000000000e+03
4.612000000000000000e+03
1.566000000000000000e+03
4.000000000000000000e+00
5.200000000000000000e+01
5.600000000000000000e+01
0.000000000000000000e+00
7.200000000000000000e+01
1.910000000000000000e+02
1.750000000000000000e+02
2.920000000000000000e+02
7.850000000000000000e+02
5.200000000000000000e+01
5.950000000000000000e+02
8.400000000000000000e+01
9.500000000000000000e+01
1.170000000000000000e+02
4.190000000000000000e+02
9.400000000000000000e+01
3.700000000000000000e+01
4.110000000000000000e+02
1.260000000000000000e+02
4.900000000000000000e+01
1.480000000000000000e+02
9.600000000000000000e+01
8.900000000000000000e+01
2.390000000000000000e+02
0.000000000000000000e+00
3.210000000000000000e+02
4.330000000000000000e+02
5.420000000000000000e+02
6.060000000000000000e+02
4.390000000000000000e+02
4.810000000000000000e+02
2.050000000000000000e+02
1.200000000000000000e+02
7.890000000000000000e+02
7.380000000000000000e+02
2.100000000000000000e+02
