6.741573033707864981e-02
3.301886792452830149e-02
2.283849918433931633e-02
0.000000000000000000e+00
1.209386281588447631e-01
1.784121320249776876e-01
1.031879194630872520e-01
1.049827640238169824e-01
8.289936664320900206e-02
1.140529531568228172e-01
1.189035243859024593e-01
1.486183719193427955e-01
1.120840630472854649e-01
5.419766206163655758e-02
9.278350515463917869e-02
6.255283178360102059e-02
7.734806629834253822e-02
1.456647398843930741e-01
1.098840419657647755e-01
6.440281030444965082e-02
9.241812471960519915e-02
9.591258599757183922e-02
5.307172724348665355e-02
1.961892797319932935e-01
3.448275862068965469e-02
1.672247802427793972e-01
2.014172213871591177e-01
1.054319931565440571e-01
1.414000429461026442e-01
1.728548248544430621e-01
1.772575250836120331e-01
8.720930232558139761e-02
1.510263929618768375e-01
1.375334808431349642e-01
1.110147441457068479e-01
2.503192848020434069e-01
nan
3.846153846153846367e-02
3.571428571428571230e-02
nan
1.388888888888888812e-02
4.712041884816754039e-02
9.142857142857142849e-02
4.109589041095890183e-02
1.656050955414012718e-02
1.923076923076923184e-02
4.873949579831932805e-02
2.380952380952380820e-02
1.052631578947368397e-02
2.564102564102564014e-02
3.818615751789976309e-02
2.127659574468085055e-02
nan
5.109489051094890516e-02
1.269841269841269771e-01
nan
2.702702702702702853e-02
1.041666666666666713e-01
2.247191011235954994e-02
6.276150627615062483e-02
nan
8.722741433021806434e-02
1.085450346420323287e-01
6.826568265682657344e-02
6.600660066006600046e-02
8.883826879271070065e-02
7.484407484407484823e-02
1.463414634146341549e-02
8.333333333333332871e-02
4.689480354879594498e-02
2.710027100271002881e-02
2.047619047619047561e-01
