nan
nan
nan
nan
1.559668303532386915e+02
1.751093837738036996e+02
1.780678027393371963e+02
1.824946494486794677e+02
1.893836318114819903e+02
1.922809673036847755e+02
1.620354109590876703e+02
1.786567323770954374e+02
1.516240887641906738e+02
1.701352625828163241e+02
1.674747677728089457e+02
1.853960639335013809e+02
1.787064753941127151e+02
1.595576842535109847e+02
1.648114709135275859e+02
1.994888802268288259e+02
1.674820455162270605e+02
1.812548362635359069e+02
2.069115964947324926e+02
1.711751911729224389e+02
nan
1.530679043804450430e+02
1.675064345890525033e+02
1.749250684303557080e+02
1.607165835068455806e+02
1.741125676930773523e+02
1.664000238213237424e+02
1.829043771814417028e+02
1.660958405281733405e+02
1.575448005540607141e+02
2.194688672125339508e+02
1.752057715824672073e+02
nan
nan
nan
nan
nan
nan
nan
nan
nan
nan
nan
nan
nan
nan
nan
nan
nan
nan
nan
nan
nan
nan
nan
nan
nan
nan
nan
nan
nan
nan
nan
nan
nan
nan
nan
nan
