1.518121915780855369e-01 3.010048489102398750e-01 1.716893028953822009e-01 nan 5.926456918054285455e-02 4.954232101127743065e-02 3.565112509282560710e-02 2.758589440572406862e-02 1.586311052916924980e-02 8.982233729126017086e-02 7.646316982902501801e-03 2.457056319412314824e-02 3.446235251818552392e-02 5.917054775522798127e-02 8.129819925150520363e-03 4.690277399083631754e-02 1.989610369910756182e-02 2.455830013650800447e-02 4.449113589453083939e-02 8.273546368594472677e-02 3.955957560457434852e-02 3.312504069797179984e-02 2.303733153952208790e-02 2.557731194673943179e-02 2.455195743495247329e-01 2.569193337773705010e-02 2.838961043668508655e-02 1.400203064504035831e-02 1.719173426307040592e-02 1.707841738145455049e-02 2.135021860770214969e-02 2.780202415149331946e-02 4.667334007181306310e-02 1.781757888825653488e-02 2.328817404956560339e-02 1.789277396782227095e-02 3.010048489102398750e-01 3.809628615373578109e-01 1.821209058191011199e-01 4.357751717092057109e-01 1.438192838647300020e-01 2.099641619349884580e-01 6.818251567999551732e-02 8.025505355898272797e-02 4.900560263986489945e-02 2.099641619349884580e-01 6.520636826570562483e-02 nan 3.010048489102398750e-01 9.413839991354819303e-02 5.141689235103350658e-02 2.476136336469768606e-01 3.809628615373578109e-01 1.138108950760257920e-01 9.933687123620463244e-02 2.272740130512162782e-01 6.085672774580880989e-02 8.281330453853151530e-02 1.438192838647300020e-01 7.451250563302018459e-02 nan 4.865534952446597117e-02 7.222732630965336686e-02 4.858455155143295845e-02 2.037880128773450830e-02 2.575024283143194023e-02 3.835126339957786734e-02 2.895340904212826555e-02 5.240836858943999366e-02 4.255928704121114681e-02 8.804698498806523554e-02 7.578293353312501313e-02
1.438192838647300020e-01 4.357751717092057109e-01 9.034721983471924456e-02 4.357751717092057109e-01 4.389391350847323542e-02 4.019104099673381780e-02 2.427998719714642706e-02 2.691783188079611977e-02 1.102796806731065615e-02 4.973263383471304006e-02 1.689035317589658927e-02 2.225612569621392839e-02 4.380001785523774532e-02 7.116685104961391339e-02 1.360537287190133164e-02 3.934980944206217801e-02 3.752350894428531369e-02 3.188200398352469128e-02 3.200922535716867190e-02 9.516160595586038717e-02 3.180875174827634683e-02 2.120267794403189743e-02 2.156807767409285245e-02 2.821073147884257254e-02 1.752074653023268369e-01 3.000643292505067103e-02 3.193724604337057349e-02 1.342058650994993468e-02 2.101051218501555351e-02 1.479439069994041220e-02 2.406496745636720058e-02 1.687371704087177113e-02 5.291711559741479887e-02 1.946627211894507922e-02 8.984268511385664832e-03 1.618208734511306091e-02 nan nan nan nan nan 8.025505355898272797e-02 8.724109663016892113e-02 7.178233962939632729e-02 2.630696221125759793e-02 3.809628615373578109e-01 5.562614353050422678e-02 1.092469815160791446e-01 1.607383185605434639e-01 1.558988433825599373e-01 3.630427963693894783e-02 1.832967502522322156e-01 1.821209058191011199e-01 6.341181605714771297e-02 7.547386846364541324e-02 3.809628615373578109e-01 5.046221317221189634e-02 3.835415345852061231e-02 1.369495516041328298e-01 7.835421151132780648e-02 nan 5.451055713762444077e-02 5.369548164755437447e-02 3.108442659040092093e-02 3.455425574519472437e-02 2.398060963559978109e-02 6.385341265813050671e-02 7.197429424819676291e-02 6.520636826570562483e-02 7.115386661830266912e-02 7.447395496753289601e-02 1.634193373935493299e-01
1.707693057414993720e-01 nan 9.751072495546907193e-02 3.367230529138357520e-01 2.631650646307429758e-02 3.033744290457507722e-02 9.071415227761673444e-03 1.410637775385581612e-02 9.010504911259932873e-03 3.728432006435985352e-02 6.105025216202195938e-03 1.357798459029033178e-02 1.849540906829306303e-02 6.150616319714599656e-02 4.366520145981600542e-03 2.973117644599837170e-02 1.719760786942441458e-02 1.958309099419158067e-02 3.414071269871733760e-02 4.967805919919027896e-02 3.020287251720902080e-02 2.097114055993876819e-02 2.095573229041102631e-02 2.360596679930012862e-02 1.266647029771968691e-01 1.993973272048691833e-02 2.514713038107037682e-02 8.056899204494247235e-03 1.698039329110349535e-02 1.398106433967003827e-02 1.639916045338609893e-02 1.292902687435311740e-02 3.656108165329403914e-02 1.538805367186155126e-02 5.747155422264770344e-03 1.359334682097197190e-02 1.301063895550240157e-01 2.099641619349884580e-01 8.447014991267373651e-02 3.010048489102398750e-01 1.092469815160791446e-01 9.751072495546907193e-02 8.269473071902942729e-02 4.255928704121114681e-02 3.309416007596497483e-02 2.099641619349884580e-01 2.325340392429598238e-02 2.718136272412727816e-01 2.718136272412727816e-01 2.805638995895178012e-02 1.850211432644533610e-02 8.528711756106432951e-02 2.022694440619842438e-01 2.407779708781932967e-02 4.865534952446597117e-02 1.187712532832855272e-01 2.616489713966215283e-02 5.920284689277108964e-02 8.528711756106432951e-02 3.008674956320993299e-02 nan 3.473757223444445125e-02 2.871520107912655176e-02 1.765416399583329132e-02 2.224992384274822668e-02 1.411564196464425679e-02 2.159293178299586183e-02 2.229903283904350469e-02 2.060746138516741238e-02 2.912119704053509062e-02 6.960296218952730096e-02 6.492617232672384664e-02
1.438192838647300020e-01 8.269473071902942729e-02 1.011329912472971743e-01 2.476136336469768606e-01 2.156542971840631415e-02 2.326150707343731597e-02 1.294401206404765907e-02 1.524363606314828139e-02 6.001471462630003292e-03 2.694160320985256388e-02 5.943613685416579764e-03 1.273170445235638493e-02 1.615688685409845393e-02 3.097343698715035107e-02 8.708124123327823027e-03 2.207113521520214644e-02 2.512369202167031787e-02 2.517941767576667086e-02 2.676239437649343203e-02 3.971475293890162905e-02 3.486574671537134851e-02 1.936652440185933702e-02 2.029730008255412402e-02 2.227711034743440344e-02 1.316081928054340378e-01 2.680721825328323191e-02 2.742128565995911177e-02 1.081273228234526547e-02 1.762516962100532658e-02 1.058382690239609465e-02 2.053006355166829555e-02 1.574880449662866000e-02 4.346069609121330779e-02 1.613180595217990343e-02 9.376702785779287772e-03 1.155207329128125036e-02 nan nan nan nan nan 9.099106753621995225e-02 5.141689235103350658e-02 3.305488974097820637e-02 3.863580906595583120e-02 1.821209058191011199e-01 3.180004776042730935e-02 4.054687942657692612e-01 2.476136336469768606e-01 1.607383185605434639e-01 5.800004246110418427e-02 9.709845324768795471e-02 1.002556688752571368e-01 3.809628615373578109e-01 6.478143273236754152e-02 2.099641619349884580e-01 7.372847625073611355e-02 4.287803174231018255e-02 9.413839991354819303e-02 7.381386409572406049e-02 nan 1.438192838647300020e-01 5.783431069601331631e-02 3.202505247218720430e-02 2.971446578331508187e-02 1.573987127700370026e-02 3.523355320011248987e-02 3.772951161408528292e-02 3.627548638907752282e-02 4.026683368384463557e-02 3.679593377564963769e-02 4.465755451156115663e-02
9.751072495546907193e-02 3.010048489102398750e-01 1.187712532832855272e-01 nan 5.211848776539364930e-02 1.766012896009922298e-02 2.099664181977066793e-02 3.058388622045615790e-02 1.669341472851285785e-02 4.393552429673515392e-02 1.067858424343531322e-02 1.668395034018906736e-02 2.645259698778254162e-02 5.665043756369522038e-02 1.383417454575729469e-02 2.778352741829027625e-02 1.663685007003566640e-02 3.019287097537406636e-02 3.214133049351110966e-02 6.186978670499822947e-02 3.275524817753068529e-02 1.941552907935354191e-02 1.801209765303850296e-02 2.763224509449905761e-02 2.476136336469768606e-01 2.721727706620300641e-02 2.690008319839463230e-02 1.277734864810857116e-02 1.736891897888397096e-02 1.351021477755648230e-02 1.829032408265112569e-02 1.577562324810803662e-02 4.993902995971093856e-02 1.434674228125874633e-02 1.292705312981455058e-02 1.401545219320711987e-02 3.010048489102398750e-01 3.809628615373578109e-01 1.607383185605434639e-01 4.357751717092057109e-01 1.821209058191011199e-01 2.099641619349884580e-01 9.751072495546907193e-02 9.983516429982064455e-02 8.074972012558512269e-02 2.476136336469768606e-01 3.202505247218720430e-02 nan 3.809628615373578109e-01 8.724109663016892113e-02 1.837215181442686598e-02 1.301063895550240157e-01 3.809628615373578109e-01 6.993618725097662525e-02 8.495992118122198955e-02 1.518121915780855369e-01 2.854858340667118174e-02 3.946839073727924363e-02 7.563795805149668705e-02 6.574271321525618217e-02 3.809628615373578109e-01 4.373987921213651903e-02 4.375422575211879161e-02 1.833298550178195929e-02 1.395511648062872090e-02 1.993297357785473942e-02 2.616489713966215283e-02 8.528711756106432951e-02 7.372847625073611355e-02 2.125233228173533523e-02 5.371694878046719829e-02 1.241817997430071097e-01
3.367230529138357520e-01 1.138108950760257920e-01 8.025505355898272797e-02 3.809628615373578109e-01 9.566238582219448172e-02 6.649901325323033519e-02 3.749309578013094307e-02 3.552641538394689380e-02 1.815238447185571827e-02 1.021855325314440094e-01 1.043029959578750665e-02 4.005013642418318864e-02 3.886224411396645845e-02 6.837432315595153021e-02 1.603153301321729590e-02 3.001525473775758929e-02 4.359506175997220762e-02 3.533230924842297588e-02 5.146177594939987249e-02 8.102773107572346090e-02 4.937579703157567862e-02 2.479664508942000176e-02 3.131027460734814999e-02 3.280171594028626070e-02 nan 3.600676095474489302e-02 3.653011341859319777e-02 2.043567223390978238e-02 2.612541302615347186e-02 2.001874959325033315e-02 3.053856879411616723e-02 1.694871742671346174e-02 6.794565466807596377e-02 2.022808637176184976e-02 2.099826381088482768e-02 5.695909489089052286e-02 4.357751717092057109e-01 2.476136336469768606e-01 3.809628615373578109e-01 nan 2.099641619349884580e-01 3.809628615373578109e-01 1.707693057414993720e-01 1.808236316043189407e-01 1.301063895550240157e-01 4.357751717092057109e-01 8.528711756106432951e-02 3.367230529138357520e-01 nan 2.272740130512162782e-01 3.403070167355601999e-02 2.099641619349884580e-01 4.357751717092057109e-01 2.099641619349884580e-01 1.823274850946221270e-01 4.357751717092057109e-01 8.269473071902942729e-02 2.099641619349884580e-01 2.476136336469768606e-01 1.533675529274109439e-01 nan 1.707693057414993720e-01 2.013289801567766379e-01 6.094395921402579602e-02 7.811730168805917918e-02 6.159272416467839045e-02 8.724109663016892113e-02 1.301063895550240157e-01 2.272740130512162782e-01 5.240836858943999366e-02 1.808236316043189407e-01 3.383866303536623432e-01
2.292682995800220114e-01 3.010048489102398750e-01 1.558567769586708951e-01 3.809628615373578109e-01 5.250834197657971991e-02 2.748862656309620373e-02 2.159014187272033716e-02 2.922822655639605374e-02 1.033317881360200537e-02 7.620298526977244136e-02 7.129620549063550410e-03 3.890329799514016806e-02 4.505352495903713894e-02 6.205772577538957308e-02 9.710828344105934193e-03 2.966671003013161834e-02 2.226324288767343035e-02 2.313246005131037314e-02 3.086680762977218537e-02 6.443293999385786563e-02 2.989684213745915850e-02 1.657910320382159977e-02 1.789989354794182391e-02 2.293605089365383792e-02 1.021855325314440094e-01 2.068732568501405189e-02 2.610227132201237837e-02 1.371767689590074925e-02 1.362635101082048002e-02 1.338004472257722267e-02 9.911106773057773434e-03 9.752064815967059069e-03 2.793120615039212246e-02 1.224634232595579741e-02 9.489776424713511002e-03 1.837694875132314665e-02 nan nan nan nan nan 2.718136272412727816e-01 3.367230529138357520e-01 nan 7.978649540931009865e-02 3.367230529138357520e-01 6.161295179553723939e-02 1.909609249328599601e-01 1.950677444450527043e-01 1.518121915780855369e-01 1.680532084185247521e-02 2.476136336469768606e-01 2.718136272412727816e-01 1.832967502522322156e-01 7.728998546561073602e-02 3.010048489102398750e-01 5.181080114619256854e-02 6.196643210878104852e-02 6.050145696607173162e-02 7.608786516336089878e-02 nan 1.178071876322016182e-01 4.459815027801049270e-02 4.655916986911277922e-02 2.155706534936697658e-02 2.927809708625914858e-02 3.093124325778846134e-02 8.269473071902942729e-02 7.578293353312501313e-02 3.879524215430724121e-02 1.138108950760257920e-01 8.528711756106432951e-02
4.617519533630786571e-02 6.196643210878104852e-02 1.197630447461611042e-02 1.301063895550240157e-01 2.397813077436997467e-02 1.862083861416498690e-02 8.306768232893642703e-03 1.253150828463745446e-02 8.023723295019160109e-03 2.194376305518853584e-02 7.591804428220453628e-03 1.433537498162636148e-02 1.448574572266386057e-02 3.467203410207011366e-02 6.929590465089136703e-03 1.774990223823041252e-02 1.579539682669736309e-02 1.412248310746650609e-02 2.457605851394132832e-02 1.436982409427294168e-02 2.143621045971361855e-02 1.797872140417253878e-02 1.191248311621034492e-02 1.635555265717920231e-02 1.212588749964659401e-01 2.112024410089824097e-02 1.850890200663542554e-02 1.066455468490595804e-02 1.127042422744886467e-02 1.072494114473404418e-02 1.505688905374091315e-02 1.531223665515104096e-02 3.053040440623535148e-02 1.400141944621242397e-02 8.263412668701447875e-03 1.371706304969526162e-02 nan 1.607383185605434639e-01 6.993618725097662525e-02 nan 7.372847625073611355e-02 2.353492146308613225e-02 1.639409996047795637e-02 1.594553357005302346e-02 1.258795029596483650e-02 6.520636826570562483e-02 1.287913310485471266e-02 4.697334734129097328e-02 5.562614353050422678e-02 2.272740130512162782e-01 1.971033389382400788e-02 1.518121915780855369e-01 4.357751717092057109e-01 2.512332579192518359e-02 1.401301114280775750e-01 1.950677444450527043e-01 8.724109663016892113e-02 5.198921955247615828e-02 3.010048489102398750e-01 6.960296218952730096e-02 nan 5.446350718421014148e-02 4.168438564321026024e-02 2.692121284698983236e-02 2.099315180781063939e-02 1.605535287022497731e-02 3.119029855223559231e-02 4.083523603090392223e-02 4.997228080159508978e-02 2.314988010792435463e-02 1.097107684526552399e-02 4.445595535365418766e-02
5.562614353050422678e-02 3.319903930511520357e-02 1.536296146210165692e-02 9.099106753621995225e-02 2.803185533364017587e-02 4.154448479982358888e-02 1.133526016934697893e-02 1.394035284643239427e-02 1.142950976809456801e-02 2.380767220343468424e-02 1.020681839514651044e-02 1.814612025900410111e-02 2.516879896862321900e-02 2.327179060900258153e-02 1.424326250541840290e-02 1.692014086821924668e-02 1.952562853828176612e-02 1.895098915631618364e-02 4.014611165438658480e-02 1.789839216496120003e-02 2.839204692883837144e-02 2.903268693849658452e-02 1.866390913315342168e-02 2.530735249196046019e-02 6.804817253844881730e-02 2.444051300442242475e-02 2.822103839340723425e-02 1.661299166786613449e-02 1.602297644400316190e-02 1.455159595072624996e-02 2.559326218856573451e-02 1.799458466099308415e-02 4.573665878815706687e-02 1.951273604907835871e-02 9.160504248252761966e-03 1.640950388139808536e-02 3.010048489102398750e-01 1.607383185605434639e-01 3.010048489102398750e-01 nan 9.099106753621995225e-02 5.286986742212123475e-02 3.782029158761269355e-02 2.108736051251241042e-02 1.486624191993484237e-02 3.010048489102398750e-01 1.788180300959332086e-02 9.461173438475908859e-02 1.241817997430071097e-01 5.343880971810117952e-02 5.274983871844145245e-02 7.795499955264197089e-02 1.607383185605434639e-01 2.567190464360618804e-02 1.261260764627582798e-01 1.138108950760257920e-01 8.528711756106432951e-02 1.073434493398806588e-01 1.607383185605434639e-01 6.818251567999551732e-02 nan 9.945069062992156761e-02 7.726613007723333315e-02 4.588316744362939958e-02 3.880474530211600048e-02 5.490572894166154128e-02 4.831613583191621958e-02 9.258307569370888279e-02 1.078310912672267169e-01 4.811066642401351512e-02 2.755447331210900824e-02 6.492617232672384664e-02
6.341181605714771297e-02 3.535935129616483985e-02 1.788180300959332086e-02 5.141689235103350658e-02 3.862480295373047628e-02 3.840520063974001141e-02 1.744069540704815124e-02 1.957213855654842127e-02 1.212804878131717654e-02 3.103794857492171710e-02 1.253294745859421556e-02 2.809812515401396635e-02 2.769989231574689764e-02 2.851572772761176017e-02 1.444016544327256582e-02 1.422168303538559608e-02 2.530971996436711877e-02 2.202250840168604867e-02 4.846338312679959043e-02 1.949915441043786196e-02 3.024473575878574433e-02 2.999878093217534999e-02 2.713581809799940972e-02 2.178333799590205858e-02 9.413839991354819303e-02 2.691171059591268219e-02 3.023377568147720199e-02 1.690016934451110328e-02 1.698595099543825926e-02 1.511894537359279901e-02 2.668502651763048072e-02 1.519909858705453982e-02 5.443590606838869667e-02 2.008369709871011752e-02 1.183122730369647047e-02 1.898241977091869037e-02 nan nan 1.909609249328599601e-01 nan 1.220766011909298066e-01 1.607383185605434639e-01 1.066122451266711679e-01 7.473943272399249937e-02 2.387029844215265290e-02 2.272740130512162782e-01 2.199108868585311974e-02 1.369495516041328298e-01 1.011329912472971743e-01 5.543568427090315304e-02 3.427022432495906157e-02 6.169746587595230369e-02 7.795499955264197089e-02 3.248938210621536704e-02 1.463087194396489876e-01 1.175635168385471691e-01 7.811730168805917918e-02 1.518121915780855369e-01 1.187712532832855272e-01 8.739694296508410121e-02 nan 1.050515604449952650e-01 8.000074999956460764e-02 6.119757673781243967e-02 5.204906245765935496e-02 7.652486059740690183e-02 1.383268304713709818e-01 1.255500266478777882e-01 2.718136272412727816e-01 4.521635282032190201e-02 3.059452063927584065e-02 6.818251567999551732e-02
nan nan 3.809628615373578109e-01 nan 3.367230529138357520e-01 3.809628615373578109e-01 1.050339641654033790e-01 1.607383185605434639e-01 2.457056319412314824e-02 3.809628615373578109e-01 5.942930443092693527e-02 9.099106753621995225e-02 3.010048489102398750e-01 nan 1.477792073091628057e-02 nan 3.010048489102398750e-01 1.187712532832855272e-01 2.076498244505416146e-02 3.809628615373578109e-01 4.243167164949437908e-02 2.672668180466578405e-02 9.413839991354819303e-02 4.774002223375840848e-02 nan 6.276599149995144844e-02 2.370142381626950956e-02 6.986326692724861148e-03 1.817641256924386675e-02 2.174482816923857184e-02 3.641854936695916589e-02 6.635677932725878025e-02 1.011329912472971743e-01 2.786920514871830609e-02 5.474546188276165071e-02 6.050145696607173162e-02 2.476136336469768606e-01 1.187712532832855272e-01 5.800004246110418427e-02 4.357751717092057109e-01 5.612493364958556774e-02 3.903214289712348545e-02 2.385180139883148406e-02 1.901078323736222001e-02 2.194297034480870850e-02 7.473943272399249937e-02 1.109386943486870107e-02 3.749309578013094307e-02 3.406296880046175840e-02 2.125496985567419672e-02 1.141997428440602591e-02 3.633319100752958886e-02 7.970288873663059284e-03 1.064095541253837901e-02 3.508407703818739592e-02 8.459894918442138756e-02 3.259756306740799192e-02 3.076989555998933812e-02 1.823035007141621602e-02 2.278241304022489075e-02 1.568609840245125120e-01 2.388261738400018069e-02 2.410495938538735963e-02 7.382722823491738758e-03 1.427840426439454073e-02 1.277907601466868673e-02 1.685261076300336239e-02 2.669949805630290190e-02 3.121934086089780264e-02 1.251450689830772844e-02 2.043199737692219520e-02 1.832080764552804913e-02
nan nan nan nan 3.010048489102398750e-01 1.707693057414993720e-01 2.718136272412727816e-01 1.821209058191011199e-01 4.005013642418318864e-02 4.357751717092057109e-01 3.165195574759144953e-02 1.301063895550240157e-01 1.138108950760257920e-01 nan 3.476987629824918047e-02 3.010048489102398750e-01 4.357751717092057109e-01 1.950677444450527043e-01 9.612609793359838672e-02 3.010048489102398750e-01 1.126961269647251684e-01 4.617519533630786571e-02 1.416899571303845695e-01 6.011646091298258193e-02 nan 8.762113524254248886e-02 9.099106753621995225e-02 5.266171638022475177e-02 3.715611770148991716e-02 4.592262149011239192e-02 3.809968504174474080e-02 4.465755451156115663e-02 1.438192838647300020e-01 4.245970665456366699e-02 8.269473071902942729e-02 1.607383185605434639e-01 2.640856206090247404e-01 1.707693057414993720e-01 9.751072495546907193e-02 nan 2.591530203061673948e-02 4.064928192251297812e-02 3.598148324712510671e-02 1.759995835105609280e-02 1.213130910908785491e-02 8.269473071902942729e-02 6.762758424973208324e-03 3.630427963693894783e-02 5.150204652340598793e-02 3.937770685696151407e-02 1.082997517869707486e-02 5.151725894959054836e-02 3.621350161472951940e-02 1.469389443432207905e-02 3.643285936989144186e-02 5.644774162836253134e-02 3.259405847138779205e-02 1.856798155627628621e-02 2.977533956402156692e-02 2.235848197650112945e-02 1.707693057414993720e-01 2.312489638815343890e-02 1.762001506126585973e-02 1.401052126682882613e-02 1.236496404487930426e-02 1.382729157098040902e-02 1.246397104889306225e-02 1.365400592583134939e-02 2.270897682805186543e-02 1.357472320789220553e-02 1.548471918960789111e-02 3.184941416007103232e-02
nan nan nan nan nan 3.367230529138357520e-01 5.343880971810117952e-02 6.492617232672384664e-02 2.014891727218116185e-02 2.718136272412727816e-01 3.835415345852061231e-02 1.607383185605434639e-01 1.301063895550240157e-01 nan 1.387230321899013061e-02 nan 2.099641619349884580e-01 1.092469815160791446e-01 5.979931318898114301e-02 3.809628615373578109e-01 2.496278489527792299e-02 3.892954712640332715e-02 2.149546174496765050e-01 4.358790432447116198e-02 nan 4.634614168548913810e-02 5.058705924907963558e-02 1.348364165069075755e-02 2.874997069501533317e-02 1.564080787643336301e-02 2.607390642660570995e-02 3.024261518159252968e-02 1.187712532832855272e-01 3.471763184265044128e-02 4.697334734129097328e-02 5.046221317221189634e-02 1.921396429210663614e-01 9.735229201872330762e-02 1.292054265838012139e-01 nan 2.552126149988774573e-02 1.966642558970576465e-02 1.682537797481181013e-02 1.382235578138386878e-02 7.837105832713487166e-03 2.879393154864072144e-02 9.278927244753961204e-03 2.842312834687648129e-02 2.641934611263082461e-02 3.913266168575459114e-02 6.288537617543334471e-03 4.207688401632177222e-02 1.166508855363242690e-02 1.154427809869824038e-02 3.298962838150068522e-02 6.140385627706491933e-02 2.861148205943663675e-02 2.773568878165101614e-02 1.506706822889576983e-02 2.318296513572075043e-02 2.022694440619842438e-01 1.751772296807903306e-02 1.801279582963047701e-02 7.012017875053403598e-03 1.386673061943064639e-02 1.203293668501656012e-02 1.127766219618268374e-02 1.833937489042572130e-02 2.566225536720400865e-02 1.219310689268674787e-02 8.352292311706003766e-03 1.549182803290074378e-02
nan nan 3.809628615373578109e-01 nan 3.367230529138357520e-01 3.809628615373578109e-01 1.707693057414993720e-01 3.367230529138357520e-01 3.446235251818552392e-02 nan 6.924412100773102985e-02 1.518121915780855369e-01 nan nan 6.651455309058061649e-02 nan nan 1.607383185605434639e-01 8.025505355898272797e-02 4.357751717092057109e-01 6.196643210878104852e-02 5.240836858943999366e-02 2.272740130512162782e-01 4.064928192251297812e-02 nan 1.239265144414392339e-01 7.434897882186169982e-02 2.519428981735926873e-02 2.270897682805186543e-02 3.235572331106371935e-02 3.305488974097820637e-02 5.459158741378433016e-02 1.366214644389762978e-01 1.215862570285424216e-01 1.241817997430071097e-01 7.178233962939632729e-02 3.809628615373578109e-01 1.983453579040808656e-01 1.518121915780855369e-01 3.367230529138357520e-01 8.187094651051056438e-02 3.059452063927584065e-02 1.889810203574112529e-02 1.743814227582369050e-02 1.387042281223655263e-02 6.405510660171970239e-02 1.132924164023951102e-02 2.353492146308613225e-02 2.816558782258703209e-02 6.091546473335225642e-02 1.201227953435264097e-02 4.241310184924782650e-02 3.202221892364891936e-02 2.171315180192167141e-02 3.227691429187082989e-02 8.586136998288237954e-02 3.799121327088430394e-02 2.652774670104813409e-02 1.292700899784688870e-02 3.407573491226879164e-02 3.010048489102398750e-01 3.291227670742485900e-02 2.950677691236528247e-02 1.365322292121270986e-02 1.759478968963736414e-02 1.411095731343602749e-02 2.068796040429557448e-02 2.118470987300636113e-02 3.662472935203400087e-02 2.012742070036859995e-02 7.642359452698380129e-03 1.946655456128735390e-02
nan 4.357751717092057109e-01 2.854174148212371698e-01 3.809628615373578109e-01 3.367230529138357520e-01 2.476136336469768606e-01 2.451230669898002770e-02 3.782029158761269355e-02 9.537420788961624776e-03 2.099641619349884580e-01 5.141689235103350658e-02 2.476136336469768606e-01 4.054687942657692612e-01 1.821209058191011199e-01 1.213683447889803840e-02 3.809628615373578109e-01 1.821209058191011199e-01 2.099641619349884580e-01 3.360972767064285271e-02 1.438192838647300020e-01 1.985439152946786787e-02 2.798437368754197463e-02 1.301063895550240157e-01 2.283312398306363081e-02 nan 4.603257029925274246e-02 6.837432315595153021e-02 9.182763739969115532e-03 2.933004292145489217e-02 7.017695350591774371e-03 3.385005095523964391e-02 2.878010995938210664e-02 1.108925797698738086e-01 4.446132215031475127e-02 1.899727210359086760e-02 8.804698498806523554e-02 1.092469815160791446e-01 4.255928704121114681e-02 4.126661942063535038e-02 9.413839991354819303e-02 1.591664524519575963e-02 2.120893193358561538e-02 1.112257530399874197e-02 5.643271543858813070e-03 5.821364604274228624e-03 2.320883643104271546e-02 5.923748902496456421e-03 1.971855997550213402e-02 1.230172630056483064e-02 2.244710841409761418e-02 6.228915244298352180e-03 2.051417999083320759e-02 1.589638232854566000e-02 1.269302282726526843e-02 2.637768775925803527e-02 2.000057025898656013e-02 2.404614367857002902e-02 1.608237132287071783e-02 8.406661224347047184e-03 1.839873584625524236e-02 8.804698498806523554e-02 1.941458973596269996e-02 1.819023900058883148e-02 7.252104767745556034e-03 1.142282709091852790e-02 9.115343208750265047e-03 1.396821037749942755e-02 1.505485442489983353e-02 2.722644659482828175e-02 1.337875191335978486e-02 7.018824262594325521e-03 1.051894184698776852e-02
nan nan 3.809628615373578109e-01 nan 2.272740130512162782e-01 3.367230529138357520e-01 3.010048489102398750e-01 2.272740130512162782e-01 5.240836858943999366e-02 4.357751717092057109e-01 3.582558740493173299e-02 3.010048489102398750e-01 2.272740130512162782e-01 nan 5.125333109467568315e-02 4.357751717092057109e-01 4.357751717092057109e-01 nan 7.795499955264197089e-02 3.809628615373578109e-01 1.058339688157832748e-01 5.562614353050422678e-02 8.025505355898272797e-02 7.675152659009835954e-02 nan 5.459158741378433016e-02 1.050339641654033790e-01 8.105818528108470200e-02 3.053853888477523620e-02 4.802260955253089686e-02 3.128745044919565427e-02 7.547386846364541324e-02 7.795499955264197089e-02 4.617519533630786571e-02 9.709845324768795471e-02 1.607383185605434639e-01 3.367230529138357520e-01 1.909609249328599601e-01 4.393552429673515392e-02 1.950677444450527043e-01 4.378040450218921575e-02 6.341181605714771297e-02 2.170515216589492119e-02 2.959175632234776684e-02 1.961959981707046830e-02 7.372847625073611355e-02 1.384014857947329577e-02 4.005013642418318864e-02 3.833132940586677501e-02 3.750442000252001556e-02 1.509875409635110660e-02 2.718017948093132130e-02 2.996381322256936458e-02 1.748843096696698490e-02 3.148673053831459873e-02 3.487034016146965676e-02 2.731888097925264450e-02 1.656789075014741819e-02 2.155395752950468174e-02 2.476782350800062898e-02 1.178071876322016182e-01 3.015610194813383299e-02 3.207933487946228873e-02 1.496097397588093056e-02 1.503510312984240524e-02 1.310040335440122369e-02 1.759291771575218974e-02 1.210052676059135066e-02 3.853342580505227793e-02 1.444139326910968794e-02 1.404071220040016207e-02 3.697744479643775423e-02
nan nan nan nan nan 2.099641619349884580e-01 3.010048489102398750e-01 nan 4.126661942063535038e-02 3.809628615373578109e-01 3.446235251818552392e-02 1.092469815160791446e-01 9.099106753621995225e-02 nan 2.738198272323563373e-02 nan 2.718136272412727816e-01 3.367230529138357520e-01 9.735229201872330762e-02 nan 3.535935129616483985e-02 4.566736689216694539e-02 1.366214644389762978e-01 5.845605185275448007e-02 nan 7.049028692585283806e-02 7.578293353312501313e-02 4.095407143611887874e-02 3.374286942215073276e-02 3.338224284774915507e-02 4.566736689216694539e-02 6.492617232672384664e-02 3.367230529138357520e-01 3.032563538745070009e-02 5.678831278518709641e-02 1.707693057414993720e-01 3.809628615373578109e-01 4.357751717092057109e-01 1.187712532832855272e-01 nan 1.879686228083505828e-01 5.678831278518709641e-02 2.981898381994485883e-02 3.275333139203712857e-02 3.118626011744116133e-02 1.394806538242050198e-01 1.778443865423725082e-02 5.926456918054285455e-02 4.221611864917342027e-02 9.066344068190657079e-02 1.702104391103683931e-02 5.069889404766374230e-02 5.826813510680461938e-02 4.167810882123533511e-02 5.968143810407203903e-02 7.705251125628756470e-02 3.823780887149506175e-02 2.048048766716376035e-02 3.632820197920888505e-02 3.870840962877703656e-02 2.476136336469768606e-01 3.641570493855045276e-02 3.356989443136285806e-02 2.072852065698991067e-02 2.400108195540249720e-02 2.146745033427874955e-02 2.832482983051828884e-02 2.459915889623953689e-02 6.102947915760112418e-02 1.950346244820367128e-02 4.432313599701508122e-02 7.407016220108797455e-02
nan nan nan nan 3.010048489102398750e-01 2.476136336469768606e-01 1.301063895550240157e-01 1.241817997430071097e-01 7.011171479711221510e-02 3.809628615373578109e-01 4.323646122512495027e-02 1.607383185605434639e-01 1.707693057414993720e-01 nan 3.490509149695562863e-02 4.357751717092057109e-01 nan 2.476136336469768606e-01 6.161295179553723939e-02 3.010048489102398750e-01 1.463798034966141415e-01 5.562614353050422678e-02 1.438192838647300020e-01 8.326695956578077096e-02 nan 3.730108335484064869e-02 6.341181605714771297e-02 2.891426269601564403e-02 2.758589440572406862e-02 2.811470764326929467e-02 2.543012832343371707e-02 4.465755451156115663e-02 7.795499955264197089e-02 2.439167392008118398e-02 6.701419200497750472e-02 1.707693057414993720e-01 1.558988433825599373e-01 8.503223620940374150e-02 3.582558740493173299e-02 2.099641619349884580e-01 3.703860171617828073e-02 2.864809771830862523e-02 1.257765654966190236e-02 1.919337386490951175e-02 1.391479395257440299e-02 4.387401993278407936e-02 5.158059353972669313e-03 2.591530203061673948e-02 2.050922979209957031e-02 2.732434550007483559e-02 7.943612578557520537e-03 2.948698033187201889e-02 2.580516870900468121e-02 1.788328448910946056e-02 2.555781187208379032e-02 4.627142066712588986e-02 2.220394282479481660e-02 1.759730725749933042e-02 1.119817270852131556e-02 2.267104618474134747e-02 2.476136336469768606e-01 1.930048689078222440e-02 1.784235982588042516e-02 9.321498885850949129e-03 1.319460519696580465e-02 1.115956543389016488e-02 1.351439114127948524e-02 1.697341478509124812e-02 3.369387419232323932e-02 8.817105229365219954e-03 1.280255681417388075e-02 1.750722168972568965e-02
nan nan 2.476136336469768606e-01 nan 7.578293353312501313e-02 1.050339641654033790e-01 4.779956345754422797e-02 5.926456918054285455e-02 1.615688685409845393e-02 2.099641619349884580e-01 1.678705270129133079e-02 8.528711756106432951e-02 1.011329912472971743e-01 nan 2.716000839041429749e-02 nan nan 6.651455309058061649e-02 1.138108950760257920e-01 1.607383185605434639e-01 1.050339641654033790e-01 1.506869949183055335e-01 2.476136336469768606e-01 8.780750357280633911e-02 nan 8.424992109572830568e-02 9.015822880978945075e-02 1.990007549759210612e-02 4.613980039698267754e-02 3.630427963693894783e-02 8.879124218321575446e-02 5.150204652340598793e-02 1.391648625075762591e-01 3.856713511631309349e-02 2.229903283904350469e-02 7.222516934035150271e-02 2.099641619349884580e-01 6.651455309058061649e-02 3.946839073727924363e-02 1.518121915780855369e-01 4.509282820828114380e-02 4.659772724661328386e-02 1.582012941777643719e-02 1.768392369891889915e-02 1.198339657105941709e-02 3.514262302325706772e-02 1.515556620611465018e-02 2.781047540499878221e-02 3.718644950284384632e-02 3.275819384180325006e-02 1.512342329926046926e-02 2.619880821919865280e-02 1.793884459018921934e-02 1.554571765449829987e-02 5.249505456800476755e-02 3.259818212902967915e-02 4.279561980613275779e-02 4.038217078819889699e-02 2.450736118215907783e-02 2.810428935352654242e-02 4.357751717092057109e-01 3.477182329145141193e-02 2.787605187114085628e-02 1.822532022997491730e-02 1.783929869719042341e-02 1.903581032218774893e-02 2.547221178631800184e-02 3.319146582522906203e-02 4.349027328515595037e-02 2.264024182516536851e-02 1.479938073146280092e-02 2.441723201161313805e-02
nan nan 1.607383185605434639e-01 nan 4.323646122512495027e-02 8.025505355898272797e-02 3.024261518159252968e-02 3.730108335484064869e-02 1.183613712003300615e-02 1.138108950760257920e-01 1.714945373881854307e-02 8.293216956898864789e-02 9.735229201872330762e-02 nan 1.049554009693868736e-02 nan 1.950677444450527043e-01 6.818251567999551732e-02 4.169096634077254504e-02 1.187712532832855272e-01 1.837694875132314665e-02 3.735660711952932395e-02 1.092469815160791446e-01 1.461886196171722184e-02 nan 7.940665228169498102e-02 7.070009411191290061e-02 6.660830544770365499e-03 2.167172409949653239e-02 1.262674356680583421e-02 3.997544459020836716e-02 3.317444988522010724e-02 1.203419736144599045e-01 1.371057135705918209e-02 1.814947151401948358e-02 4.566736689216694539e-02 6.651455309058061649e-02 4.178948868903660518e-02 2.325340392429598238e-02 5.286986742212123475e-02 3.632692962008833570e-02 2.239272788782993573e-02 1.188546070895736897e-02 1.264195801269017531e-02 8.767272730550373233e-03 1.252868003589873748e-02 1.015145295905642980e-02 1.748838498825760687e-02 2.006644214403225865e-02 2.672202860206085093e-02 9.846941077073689125e-03 2.229238188398429549e-02 1.441832964956397088e-02 1.644417182675381520e-02 2.692899876384735255e-02 2.498211091722670266e-02 2.188332155873441015e-02 2.408918349799215111e-02 1.436985295826198779e-02 1.999124815679381717e-02 1.518121915780855369e-01 2.688966942430636581e-02 2.335350258298193177e-02 1.294009392282453354e-02 1.151471264053096494e-02 1.084733749283509595e-02 1.695392678723399438e-02 1.702915427776640483e-02 3.093048138017103280e-02 1.555766596214978349e-02 7.196934279902818254e-03 1.813292725359159571e-02
3.809628615373578109e-01 3.367230529138357520e-01 1.474090269811678400e-01 nan 2.476136336469768606e-01 2.272740130512162782e-01 5.801428014375035330e-02 5.371694878046719829e-02 2.575442736459629400e-02 1.049329530973998337e-01 3.678103555687491089e-02 7.547386846364541324e-02 1.607383185605434639e-01 1.832967502522322156e-01 1.423580187599807548e-02 2.476136336469768606e-01 1.518121915780855369e-01 7.563795805149668705e-02 1.558567769586708951e-01 2.022694440619842438e-01 5.474546188276165071e-02 8.504638865609259746e-02 1.187712532832855272e-01 3.058305405346752048e-02 nan 8.340079745158802960e-02 7.657248396745569563e-02 1.622980306063295450e-02 3.953966746430499779e-02 2.696235465977847925e-02 6.067638576197968009e-02 6.351791197554447488e-02 9.413839991354819303e-02 3.449036519160557368e-02 4.416897969213726821e-02 5.301208998512380727e-02 1.241817997430071097e-01 5.926456918054285455e-02 2.694338315274890164e-02 1.518121915780855369e-01 4.894819391692488419e-02 2.182296376855741293e-02 9.663036878552402550e-03 1.390504658940302368e-02 1.034643928859343281e-02 3.753086762272487414e-02 1.176417588729974754e-02 1.663838172306188884e-02 4.004860568433111362e-02 2.418683673102636766e-02 1.646818798906440548e-02 2.321424154956429689e-02 2.227838632755191686e-02 1.950925800483187256e-02 4.045998845873186728e-02 2.410664897954823555e-02 2.830487384251789001e-02 2.928451654906516141e-02 1.687634887737518921e-02 2.585869432050430863e-02 2.718136272412727816e-01 2.943677892746707908e-02 2.849057824400392375e-02 1.538339675508779841e-02 1.566414183442806085e-02 1.452127977208180799e-02 2.118159549608245040e-02 2.063143892460077983e-02 3.511262458958942789e-02 1.972074732745494885e-02 9.749382537447556091e-03 2.394183038857194967e-02
nan nan 2.099641619349884580e-01 nan 1.707693057414993720e-01 3.809628615373578109e-01 1.438192838647300020e-01 9.099106753621995225e-02 4.557173259106547802e-02 1.821209058191011199e-01 3.259818212902967915e-02 1.092469815160791446e-01 1.821209058191011199e-01 2.854174148212371698e-01 3.469545357076223718e-02 4.357751717092057109e-01 2.718136272412727816e-01 3.809628615373578109e-01 1.607383185605434639e-01 1.950677444450527043e-01 5.046221317221189634e-02 5.240836858943999366e-02 1.438192838647300020e-01 3.582558740493173299e-02 nan 7.756004063716698260e-02 6.085672774580880989e-02 3.736304987521950338e-02 2.267585976101406386e-02 1.473545243636847565e-02 2.325340392429598238e-02 4.761345073695705254e-02 1.301063895550240157e-01 3.994891431582768548e-02 7.930844868213399179e-02 1.372853536837529975e-01 1.607383185605434639e-01 8.025505355898272797e-02 4.366891660090118504e-02 1.607383185605434639e-01 5.650408828200408767e-02 2.755447331210900824e-02 1.385959513510046960e-02 1.432957204844143191e-02 1.180715061721731608e-02 3.319903930511520357e-02 1.395413086405503100e-02 3.264909628698001859e-02 4.501788330185647891e-02 4.098433844546890692e-02 2.371238094713577424e-02 3.559414619942576768e-02 3.751894440127286762e-02 2.168844753838931536e-02 4.553558775688410637e-02 2.232501482253000311e-02 3.618357380230625281e-02 2.225483487657473752e-02 3.109761258894313402e-02 3.044254593633913611e-02 2.272740130512162782e-01 3.327205278825363238e-02 2.692602438653894648e-02 1.899397876849765257e-02 1.435606189700331520e-02 1.392857077057453596e-02 1.833095399353614277e-02 1.605733996521055418e-02 2.955855920078125088e-02 2.179360507034021691e-02 1.256829525393074291e-02 3.360800271243361004e-02
