5.101383213323130994e-02 4.107743673954947911e-02 3.936051435753509103e-02 3.380019362314099635e-02 4.078761703027337232e-02 5.857674691539459244e-02 3.824811008625316616e-02 2.792625039810894480e-02 3.680736388846039819e-02 3.670476509991456304e-02 5.624546756601484648e-02 1.603890116652540443e-01 4.223158220769839682e-02 8.956739854416750912e-02 4.629815447641745518e-02 1.752063773523008239e-01 1.049329530973998337e-01 1.210879340251275194e-01 1.936148004977075732e-01 5.800004246110418427e-02 1.092469815160791446e-01 6.993618725097662525e-02
4.519641287224209630e-02 5.130744106388367143e-02 4.408985470509044213e-02 4.572347678070630417e-02 4.588231489696707049e-02 6.197607419102663107e-02 4.018730564271032896e-02 3.196961571681965902e-02 4.066797716234652610e-02 4.415756207789474364e-02 4.798445288840899603e-02 1.266647029771968691e-01 6.784385724736635703e-02 1.358919788690310382e-01 1.052909979129314083e-01 1.138108950760257920e-01 1.383195241321927282e-01 2.455195743495247329e-01 1.057408427597742728e-01 6.413921461625057829e-02 6.993618725097662525e-02 1.607383185605434639e-01
4.112595899255213489e-02 4.193188509135187952e-02 3.528068804716886359e-02 3.506121199393594234e-02 3.767434466148168737e-02 6.037181190204633785e-02 3.274047832170205036e-02 2.511032711216600738e-02 2.808461966267193979e-02 2.788079414326583363e-02 3.547247768853178246e-02 1.266647029771968691e-01 5.664205880268539939e-02 6.455417521848687279e-02 4.594827438091098754e-02 8.804698498806523554e-02 8.269473071902942729e-02 5.839444438505580343e-02 7.725650585373151913e-02 2.289166252239282703e-02 6.246246082212415784e-02 3.630427963693894783e-02
3.262468006106875734e-02 4.797431240645704670e-02 3.543752025539933376e-02 3.576122268887082373e-02 3.192688737966643819e-02 5.300028892293295185e-02 3.723028979930758514e-02 2.737009436650192709e-02 3.513792429435225184e-02 4.245066309529030302e-02 3.667247668133818972e-02 1.220766011909298066e-01 4.318858583651988270e-02 7.970521583930205434e-02 6.469036161942513796e-02 2.099641619349884580e-01 2.099641619349884580e-01 1.138246036127208288e-01 9.002835572351888804e-02 7.728406624048970996e-02 1.821209058191011199e-01 3.809628615373578109e-01
4.468548917090913591e-02 4.891434876432596002e-02 3.711815543712659871e-02 3.671307479102807469e-02 3.911586376584118979e-02 6.381086140736662304e-02 4.496890008726796284e-02 2.687205211362157092e-02 4.098514609340980080e-02 3.601370359805372567e-02 7.697222969257599967e-02 7.642623018775016042e-02 5.573107356221532194e-02 6.818915929550531385e-02 2.597858785694148742e-02 8.607752256590750495e-02 1.222486334797550922e-01 1.056499368673685380e-01 1.056082981608370275e-01 4.588360701955442739e-02 9.709845324768795471e-02 4.973263383471304006e-02
6.535171541502665660e-02 5.884390094097910473e-02 5.420067770925103556e-02 5.770692958919650117e-02 5.215948160142725581e-02 6.432507669090369029e-02 5.659803710875140059e-02 3.653011341859319777e-02 5.166888205587212568e-02 5.058009227848889178e-02 nan 1.541851431143663742e-01 2.099641619349884580e-01 3.058650914250685693e-01 2.272740130512162782e-01 3.706415575838594711e-01 2.292682995800220114e-01 1.951176648469639396e-01 3.274615969333262711e-01 2.022694440619842438e-01 2.272740130512162782e-01 3.010048489102398750e-01
3.461539906765103564e-02 2.945835631327281545e-02 3.030081126208057640e-02 3.023963445455303545e-02 3.619844777025853916e-02 4.614554354793034413e-02 3.551725492800816147e-02 2.591770898496747327e-02 2.940288069558506800e-02 2.947406082660056562e-02 8.041546252273584772e-02 8.424992109572830568e-02 4.862605899473924215e-02 9.983516429982064455e-02 7.222516934035150271e-02 1.486989361284927480e-01 1.104499289731929595e-01 1.061948643062502889e-01 9.413839991354819303e-02 5.817403963765904046e-02 1.438192838647300020e-01 1.909609249328599601e-01
3.123851497662492524e-02 2.930035347803941481e-02 2.080919007468759463e-02 2.570137987265209631e-02 2.649309257102987897e-02 3.460327786669398914e-02 2.447430836773314272e-02 1.854085324859833933e-02 2.877313215465432741e-02 3.139785144328648830e-02 3.338909251810978640e-02 9.099106753621995225e-02 4.584202103821316543e-02 5.405948268385450672e-02 7.258433282747420168e-02 2.718136272412727816e-01 1.138246036127208288e-01 1.175635168385471691e-01 7.059649734521775133e-02 5.049026689423472686e-02 6.348438127802136233e-02 1.141314857630818108e-01
3.775538357512132903e-02 4.103465963470497718e-02 3.123158133406245610e-02 3.567691920115732135e-02 3.791425509383877790e-02 5.655655075622838257e-02 4.149806666972771091e-02 2.830282689545269431e-02 3.326442713872444779e-02 3.659853582738015892e-02 1.624547940419672210e-01 8.528711756106432951e-02 1.033414278108799184e-01 1.250794796341924142e-01 9.848164197083970894e-02 2.476136336469768606e-01 1.821209058191011199e-01 1.138108950760257920e-01 1.205349476223151889e-01 9.665751074427482437e-02 1.180992768051566388e-01 1.690107635917265649e-01
4.072096065031678008e-02 4.628576911054331500e-02 3.408364594849854629e-02 4.204021117414566411e-02 3.498482526455150982e-02 4.126406149229401576e-02 3.861297303314890905e-02 3.027404162416241773e-02 3.761659396169737823e-02 3.861073867117959663e-02 2.272740130512162782e-01 1.447026906886668962e-01 2.476136336469768606e-01 1.438192838647300020e-01 1.438192838647300020e-01 1.255500266478777882e-01 1.520946482258595245e-01 1.383195241321927282e-01 1.170063444289322768e-01 1.078310912672267169e-01 1.359880291099914151e-01 1.532982689810631627e-01
6.249962333835084455e-02 5.211848776539364930e-02 2.889023904322826283e-02 3.035936637521580855e-02 9.780374850780172713e-02 3.100241081412358768e-01 5.274983871844145245e-02 2.370142381626950956e-02 9.735229201872330762e-02 1.138108950760257920e-01 3.301767974829581537e-02 3.353108841014296182e-02 3.040479165444173043e-02 3.902980246612359344e-02 2.441707443854220991e-02 3.005955228852764949e-02 5.880062362869416248e-02 3.395420241052810040e-02 3.916986737027389198e-02 3.087278670742854905e-02 3.382625853931612442e-02 2.795196059319195528e-02
1.175905626275871169e-01 1.021855325314440094e-01 6.196643210878104852e-02 1.292260678784822592e-01 9.992235945562966126e-02 1.648818646504159047e-01 8.081457218036164347e-02 9.099106753621995225e-02 1.050339641654033790e-01 1.238582641578162835e-01 3.364381481688716313e-02 4.292265095761146204e-02 2.286580458832103077e-02 3.019227093301341328e-02 2.906667426372752314e-02 4.272462683600766753e-02 5.499101876705606712e-02 2.939326561826689777e-02 2.505509118706359881e-02 2.408479888858863077e-02 2.893039701735697009e-02 3.702283399077211518e-02
2.531314751297748106e-02 7.066685925335798590e-02 5.623957166232158855e-02 3.448424261959540105e-02 8.187094651051056438e-02 2.099641619349884580e-01 4.318340085757815805e-02 5.058705924907963558e-02 6.635677932725878025e-02 6.651455309058061649e-02 2.998258079273480661e-02 2.948261042004854046e-02 3.116337732408442501e-02 3.567742318339109375e-02 2.537602567079375732e-02 3.200491380545440745e-02 5.459049498564923913e-02 3.620230302985909254e-02 3.195379579295373751e-02 2.149401392508823103e-02 2.473267350963817904e-02 2.309282925550894261e-02
1.092469815160791446e-01 9.908469653118803788e-02 5.286986742212123475e-02 3.490509149695562863e-02 7.578293353312501313e-02 1.950677444450527043e-01 1.011329912472971743e-01 7.434897882186169982e-02 1.628895619777518400e-01 1.707693057414993720e-01 3.618915916718645764e-02 3.140954330958604240e-02 3.303959351719747833e-02 4.458074413098596367e-02 3.302997628559262849e-02 5.558394855908384974e-02 8.183858729032078561e-02 4.810092306470183099e-02 4.576345478467362671e-02 3.883446410828471362e-02 4.417126529363661624e-02 4.665788038243329910e-02
2.591530203061673948e-02 9.503895084992132480e-02 4.408025601417653316e-02 5.990293811256398870e-02 3.768011597431594056e-02 2.292682995800220114e-01 3.058305405346752048e-02 6.837432315595153021e-02 6.348317487049022489e-02 6.492617232672384664e-02 1.953205272765223127e-02 2.737706046812954028e-02 2.414828878786651895e-02 3.127812102179413495e-02 2.237885086601505008e-02 3.083125436427634411e-02 4.668903771574133693e-02 2.583219103207339690e-02 3.217016044186644941e-02 2.209810076468705226e-02 2.913537765356906742e-02 2.356632614408671680e-02
1.009998776801565024e-01 8.528711756106432951e-02 8.804698498806523554e-02 6.784385724736635703e-02 1.116210789775508028e-01 3.367230529138357520e-01 9.998671636296428689e-02 1.050339641654033790e-01 1.138108950760257920e-01 8.293216956898864789e-02 2.781648850936379452e-02 4.289218821975660650e-02 2.738006726833906723e-02 3.716113942107485135e-02 2.777295423816466408e-02 3.928351553154745684e-02 6.639410528138167678e-02 3.437014537830104105e-02 4.537169865835279786e-02 4.302138374750934940e-02 3.845231719350442057e-02 4.558052085188522146e-02
8.960801800303427878e-02 1.833083607398829917e-01 5.562614353050422678e-02 8.025505355898272797e-02 1.255454660142572565e-01 2.726403227632813175e-01 4.692219610644488698e-02 7.578293353312501313e-02 1.066122451266711679e-01 9.422303649238351897e-02 6.174659428973060943e-02 5.854957522260380992e-02 4.199397522841320091e-02 5.870281458558196386e-02 4.242242315968450944e-02 6.880729026146094329e-02 7.655526142096613640e-02 5.321529969555512107e-02 4.912828545730203028e-02 4.442479605937884463e-02 4.845072104171502247e-02 5.307599402363949448e-02
7.434897882186169982e-02 1.832967502522322156e-01 5.286986742212123475e-02 6.784385724736635703e-02 1.520946482258595245e-01 2.176725437228916593e-01 1.050560569156070573e-01 6.341181605714771297e-02 6.818251567999551732e-02 7.372847625073611355e-02 3.098319827671594529e-02 3.411826658765302472e-02 2.803844159199410380e-02 3.788055584353296201e-02 2.429422825745941941e-02 3.879081806828374446e-02 5.459681868170578045e-02 3.144855402714560183e-02 2.480846034228990568e-02 2.442603825021875605e-02 2.581467251690409276e-02 2.587742192246595546e-02
1.607383185605434639e-01 7.222516934035150271e-02 9.693428841767419424e-02 8.634270201166974190e-02 1.241817997430071097e-01 3.367230529138357520e-01 1.463798034966141415e-01 9.015822880978945075e-02 1.371530277588602353e-01 9.992235945562966126e-02 4.683821178098719618e-02 4.396617951544858072e-02 3.632397281838295466e-02 4.381829218292361550e-02 3.304272742803470581e-02 4.723829418759144944e-02 8.437549514190724465e-02 3.180300546134579714e-02 4.771894336003063702e-02 3.431557266662592365e-02 4.845511562314371024e-02 4.777542088990875679e-02
3.679593377564963769e-02 3.809968504174474080e-02 2.232501482253000311e-02 6.480954031064767307e-02 3.446235251818552392e-02 1.438192838647300020e-01 2.776960696780385665e-02 7.070009411191290061e-02 1.125493369081181777e-01 8.960801800303427878e-02 2.738522974256462489e-02 2.871402871538561441e-02 2.086153855415553288e-02 3.702520618058822294e-02 2.193509768411639263e-02 3.547256187590899779e-02 5.090721949855876033e-02 2.662213071702826395e-02 3.586723563520621827e-02 3.097940702578114158e-02 3.755635080236337936e-02 3.556749698234003970e-02
7.372847625073611355e-02 1.352387317893921914e-01 5.473895128659005821e-02 6.196643210878104852e-02 6.341181605714771297e-02 2.272740130512162782e-01 6.341181605714771297e-02 7.657248396745569563e-02 1.154890865072512873e-01 1.176738025776801894e-01 3.095088803848270592e-02 3.138567301572735280e-02 2.743781501047181867e-02 4.174586654259344193e-02 2.839053027781458793e-02 4.771096314246486836e-02 6.613979794969024328e-02 2.860850707056213776e-02 4.555951007170409156e-02 3.642057291649462153e-02 3.858223449138880462e-02 4.287499855199215087e-02
5.678831278518709641e-02 1.609484891483821123e-01 3.965592950242931292e-02 3.490509149695562863e-02 7.795499955264197089e-02 2.718136272412727816e-01 6.651455309058061649e-02 6.085672774580880989e-02 1.130386918307258598e-01 1.038090882219086242e-01 2.272737619396662453e-02 3.420856671395769433e-02 2.254169826249544442e-02 3.807640090616524337e-02 2.657065216875708138e-02 5.486577678491663668e-02 7.140679555354080554e-02 3.682587178790162202e-02 4.366572678069399055e-02 3.411745808803900298e-02 4.479209893290946043e-02 4.815806420868179449e-02
