4.530386740331491802e-01 2.125984251968504046e-01 2.819999999999999729e-01 1.711899791231732693e-01 3.634651600753295853e-01 2.256410256410256443e-01 3.384615384615384803e-01 1.298932384341636992e-01 1.666666666666666574e-01 1.356932153392330365e-01 6.666666666666666574e-02 nan nan nan nan nan nan nan nan nan nan nan
1.581027667984189755e-01 6.057971014492753437e-01 3.774403470715835263e-01 3.446601941747572950e-01 3.764705882352941124e-01 3.145539906103286265e-01 1.776504297994269399e-01 2.934362934362934605e-01 3.410404624277456609e-01 2.694300518134715161e-01 nan nan nan nan nan nan nan nan nan nan nan nan
2.205128205128205066e-01 4.155597722960152063e-01 5.823293172690763297e-01 3.357348703170028870e-01 3.361064891846921587e-01 2.435233160621761705e-01 1.740812379110251440e-01 2.250470809792843585e-01 1.841746248294679478e-01 1.276978417266187160e-01 nan nan 1.595092024539877251e-01 8.536585365853659180e-02 9.580838323353293995e-02 nan nan nan 1.044776119402985037e-01 nan 6.666666666666666574e-02 nan
1.164021164021163957e-01 4.373464373464373556e-01 3.416058394160583767e-01 5.688949522510231560e-01 1.755027422303473417e-01 1.725888324873096347e-01 1.066176470588235253e-01 3.516295025728988222e-01 3.143712574850299202e-01 2.383419689119170848e-01 nan nan 5.511811023622047168e-02 nan 1.640625000000000000e-01 nan nan nan 1.132075471698113234e-01 1.375000000000000111e-01 nan nan
3.561643835616438158e-01 4.307692307692307931e-01 2.989690721649484462e-01 2.564575645756457800e-01 6.642728904847396976e-01 4.062500000000000000e-01 4.430107526881720270e-01 1.957040572792362876e-01 2.968421052631579071e-01 2.097759674134419550e-01 nan 1.282051282051281937e-01 nan nan 1.863354037267080793e-02 nan nan 3.098591549295774406e-01 nan nan nan nan
3.105263157894737058e-01 3.106382978723404298e-01 2.550607287449392913e-01 2.893617021276595480e-01 3.952095808383233599e-01 5.374449339207048038e-01 4.417808219178082085e-01 2.084210526315789513e-01 3.617021276595744905e-01 3.125000000000000000e-01 nan nan nan nan nan nan nan nan nan nan nan nan
3.290780141843971385e-01 1.985815602836879523e-01 2.802850356294536716e-01 1.199999999999999956e-01 3.672566371681416086e-01 3.456790123456789932e-01 5.937072503419972280e-01 1.871412169919632607e-01 1.682692307692307820e-01 1.469534050179211460e-01 nan 2.621359223300970820e-01 nan nan nan nan nan 2.539682539682539542e-01 nan nan nan nan
1.165048543689320426e-01 2.937365010799136145e-01 1.703821656050955313e-01 3.745401030169241974e-01 2.018140589569160925e-01 1.745689655172413812e-01 1.100628930817610096e-01 5.819521178637200309e-01 4.939446366782007103e-01 4.257112750263435386e-01 3.401360544217687382e-02 nan 4.761904761904761640e-02 nan 1.413043478260869457e-01 nan nan nan 2.884615384615384359e-01 2.064777327935222728e-01 1.100000000000000006e-01 nan
1.258278145695364281e-01 3.977900552486187680e-01 3.074162679425837541e-01 3.790664780763790542e-01 2.785046728971962704e-01 3.307984790874524683e-01 1.773700305810397559e-01 5.029288702928870203e-01 6.407035175879397526e-01 6.064610866372981413e-01 nan nan nan nan 2.567567567567567433e-01 nan nan nan 2.884615384615384359e-01 2.750000000000000222e-01 5.076923076923076650e-01 nan
1.769911504424778736e-01 3.522167487684729204e-01 1.856287425149700521e-01 2.798165137614678777e-01 2.107279693486590055e-01 1.914285714285714202e-01 1.789473684210526327e-01 4.306640625000000000e-01 5.718608169440242417e-01 6.144975288303130556e-01 nan nan nan nan nan nan nan nan nan nan nan nan
1.192660550458715663e-01 nan 3.278688524590164105e-02 nan nan nan nan nan nan nan 5.051311288483466555e-01 2.270450751252086896e-01 3.920972644376899963e-01 2.577962577962578106e-01 2.199095022624434348e-01 1.501831501831501769e-01 3.710937500000000000e-01 4.109589041095890183e-01 1.938775510204081565e-01 1.862745098039215730e-01 1.829025844930417533e-01 6.906906906906906674e-02
2.909090909090908950e-01 nan nan nan 1.864406779661016977e-01 nan 2.429906542056074759e-01 nan nan nan 2.511773940345368716e-01 5.408560311284046351e-01 1.620000000000000051e-01 1.070559610705596049e-01 2.180645161290322709e-01 4.407766990291261955e-01 3.161764705882352811e-01 3.126967471143756727e-01 5.539358600583090680e-02 8.203125000000000000e-02 1.400359066427289134e-01 1.386430678466076816e-01
nan nan 1.847826086956521618e-01 3.947368421052631360e-02 nan nan nan nan 8.000000000000000167e-02 nan 3.017817371937639437e-01 1.567291311754684946e-01 5.321100917431192956e-01 3.056426332288401104e-01 3.449814126394051828e-01 1.302325581395348819e-01 2.102803738317756965e-01 2.990196078431372473e-01 1.818181818181818232e-01 1.395812562313060723e-01 1.292134831460674260e-01 7.326732673267326301e-02
nan nan nan nan nan nan nan nan nan nan 1.836734693877551117e-01 8.000000000000000167e-02 2.639296187683284334e-01 5.702127659574468543e-01 3.923444976076554958e-01 3.157894736842105088e-01 5.808823529411765163e-01 3.259668508287292821e-01 3.533653846153846367e-01 3.455497382198952638e-01 3.974358974358974117e-01 2.816901408450704358e-01
nan 1.551724137931034531e-01 8.484848484848485362e-02 2.023121387283237094e-01 nan nan nan 1.195652173913043514e-01 nan nan 1.282051282051281937e-01 1.077844311377245540e-01 2.803315749811605140e-01 3.719912472647702306e-01 4.466173361522198793e-01 1.534090909090909116e-01 1.256281407035175768e-01 2.004333694474539629e-01 2.665745856353591292e-01 2.226304188096987491e-01 2.415458937198067535e-01 1.233421750663129951e-01
nan nan nan nan nan nan 3.292682926829268442e-01 nan nan nan 1.704545454545454419e-01 4.060000000000000275e-01 1.819371727748691214e-01 2.625698324022346375e-01 2.220930232558139539e-01 6.057529610829103239e-01 4.953271028037383172e-01 3.566621803499326893e-01 1.698113207547169712e-01 2.969837587006960433e-01 3.047445255474452441e-01 2.803234501347708907e-01
nan nan nan nan nan nan 7.462686567164178442e-02 nan nan nan 3.495575221238937935e-01 2.638888888888888951e-01 1.953352769679300160e-01 3.453815261044176910e-01 1.976401179941003061e-01 5.025125628140703071e-01 6.884057971014492239e-01 3.254237288135592987e-01 1.556603773584905592e-01 2.349570200573065926e-01 3.011695906432748648e-01 3.399339933993399399e-01
5.769230769230769551e-02 nan nan nan nan nan 2.794117647058823595e-01 nan nan nan 3.057851239669421295e-01 3.798449612403100861e-01 2.580299785867237738e-01 2.376033057851239805e-01 2.154545454545454541e-01 3.628620102214650811e-01 3.297872340425531679e-01 5.175983436853002218e-01 7.175925925925925875e-02 1.197080291970802901e-01 1.253918495297805524e-01 6.214689265536723489e-02
nan nan 1.694915254237288060e-01 nan nan nan nan 4.736842105263157632e-01 nan 1.864406779661016977e-01 1.849056603773584773e-01 1.121951219512195147e-01 2.386363636363636465e-01 3.911205073995771553e-01 3.069705093833779985e-01 1.243523316062176143e-01 3.217391304347825831e-01 7.526881720430107781e-02 6.666666666666666297e-01 5.959079283887468437e-01 5.272277227722772519e-01 4.187192118226600868e-01
nan nan nan nan nan nan nan 4.153005464480874487e-01 3.281250000000000000e-01 nan 1.223021582733812979e-01 7.440476190476190410e-02 1.297405189620758348e-01 3.413078149920255044e-01 2.283072546230441036e-01 1.585365853658536606e-01 1.809954751131221673e-01 1.013916500994035824e-01 5.601092896174862945e-01 5.610997963340121908e-01 5.036927621861152504e-01 2.852512155591572229e-01
nan nan nan nan nan nan nan 1.941747572815533951e-01 4.328358208955223607e-01 3.499999999999999778e-01 1.442885771543086226e-01 1.029810298102981081e-01 1.654879773691654843e-01 4.011406844106463754e-01 2.485939257592800766e-01 3.061797752808989026e-01 3.681592039800994920e-01 1.059602649006622516e-01 5.394736842105263275e-01 5.201668984700973386e-01 7.129277566539924393e-01 5.417475728155339842e-01
nan nan nan nan nan nan nan nan nan 2.166666666666666741e-01 4.216867469879517771e-02 1.009771986970684071e-01 7.747747747747747715e-02 2.574257425742574323e-01 1.589041095890411093e-01 3.415492957746478764e-01 3.793103448275861878e-01 1.378299120234603992e-01 3.752665245202558841e-01 2.840059790732436529e-01 5.856832971800434162e-01 6.030534351145038219e-01
