3.530468799999999874e+01 5.657518300000000266e+01 4.759092400000000112e+01 5.708565200000000317e+01 4.296184800000000337e+01 nan 4.485949300000000051e+01 6.316440999999999661e+01 5.655894899999999836e+01 nan nan nan nan nan nan nan nan nan nan nan nan nan
nan 2.926069100000000134e+01 3.528708699999999965e+01 3.967847700000000088e+01 4.563889199999999846e+01 3.809223399999999771e+01 5.447051400000000143e+01 4.858338499999999982e+01 4.368504999999999683e+01 4.962680300000000244e+01 nan nan nan nan nan nan nan nan nan nan nan nan
4.453431599999999690e+01 3.341786199999999951e+01 3.236312399999999911e+01 3.995190099999999944e+01 4.180522899999999709e+01 nan 4.718133699999999919e+01 4.269715899999999920e+01 5.529030699999999854e+01 5.122535200000000088e+01 nan nan nan nan nan nan nan nan nan nan nan nan
nan 3.701580100000000328e+01 4.055473800000000040e+01 3.587010099999999824e+01 4.927661100000000260e+01 nan nan 3.925651700000000233e+01 4.101116100000000131e+01 5.037750499999999931e+01 nan nan nan nan nan nan nan nan nan nan nan nan
4.679474700000000098e+01 4.595024200000000292e+01 4.990574500000000313e+01 5.373105900000000190e+01 3.915981800000000135e+01 4.181202799999999797e+01 4.107586799999999982e+01 5.762249899999999769e+01 5.226484899999999811e+01 5.887189000000000050e+01 nan nan nan nan nan nan nan nan nan nan nan nan
6.102509299999999826e+01 4.531496099999999672e+01 4.430109099999999955e+01 4.025930600000000226e+01 4.390471099999999893e+01 3.977209299999999814e+01 4.431907100000000099e+01 5.031833999999999918e+01 4.970886899999999997e+01 5.158992200000000139e+01 nan nan nan nan nan nan nan nan nan nan nan nan
4.786850100000000197e+01 5.717318600000000117e+01 4.973047700000000049e+01 5.985894100000000151e+01 4.244882700000000142e+01 4.398556099999999702e+01 3.275795200000000307e+01 5.326876399999999734e+01 5.578761200000000287e+01 6.007536199999999837e+01 nan nan nan nan nan nan nan nan nan nan nan nan
nan 4.870210500000000309e+01 5.434033699999999811e+01 4.656496299999999877e+01 5.729516300000000228e+01 5.583178999999999803e+01 6.511171899999999368e+01 3.653113299999999697e+01 3.841088799999999992e+01 4.332191799999999660e+01 nan nan nan nan nan nan nan nan nan 6.254817700000000258e+01 nan nan
nan 4.528067500000000223e+01 5.220456999999999681e+01 4.982458299999999696e+01 5.856609199999999760e+01 5.118085500000000110e+01 6.281317299999999904e+01 3.980958799999999798e+01 3.268471600000000166e+01 3.351254200000000338e+01 nan nan nan nan nan nan nan nan nan nan nan nan
4.855872399999999800e+01 5.259915900000000022e+01 6.282661300000000182e+01 5.123315800000000309e+01 5.123742899999999878e+01 3.945545700000000267e+01 6.148701700000000159e+01 4.910599100000000305e+01 3.599689999999999657e+01 3.385157800000000350e+01 nan nan nan nan nan nan nan nan nan nan nan nan
nan nan nan nan nan nan nan nan nan nan 3.552999799999999908e+01 5.052382500000000221e+01 4.559924199999999672e+01 5.629186599999999885e+01 5.652692600000000311e+01 5.233970099999999803e+01 5.557014800000000321e+01 4.816376100000000093e+01 6.235971200000000181e+01 5.671385000000000076e+01 6.260374900000000054e+01 nan
nan nan nan nan nan nan nan nan nan nan 5.402526900000000154e+01 4.929375600000000190e+01 5.366534000000000049e+01 nan 5.562467600000000090e+01 4.137198899999999924e+01 4.618359399999999937e+01 3.855404500000000212e+01 nan nan 6.749388999999999328e+01 nan
nan nan nan nan nan nan nan nan nan nan 4.417338099999999912e+01 5.012525500000000278e+01 3.799210899999999924e+01 4.120813299999999657e+01 4.387305099999999669e+01 4.782519500000000079e+01 nan 4.144783100000000076e+01 5.117616399999999999e+01 5.672134499999999946e+01 5.255436900000000122e+01 nan
nan nan nan nan nan nan nan nan nan nan 5.679668199999999700e+01 nan 4.357823799999999892e+01 3.474498599999999726e+01 4.204715600000000109e+01 4.049646599999999808e+01 4.417029899999999998e+01 4.550907000000000124e+01 5.076970399999999728e+01 4.754026600000000258e+01 4.765484299999999962e+01 4.668375199999999836e+01
nan nan nan nan nan nan nan nan nan nan 5.586532900000000268e+01 5.654282400000000308e+01 4.617830299999999966e+01 3.842699900000000213e+01 3.921523499999999984e+01 3.868865699999999919e+01 nan 5.135178400000000210e+01 4.910813999999999879e+01 4.739415900000000192e+01 5.165696299999999752e+01 4.453692000000000206e+01
nan nan nan nan nan nan nan nan nan nan 5.703675100000000242e+01 3.754521100000000189e+01 5.706171299999999746e+01 4.739230100000000334e+01 5.061680900000000349e+01 3.174611600000000067e+01 3.881367900000000049e+01 4.316266199999999742e+01 nan 5.371252400000000193e+01 5.811377199999999732e+01 5.254464000000000112e+01
nan nan nan nan nan nan nan nan nan nan 5.541851299999999725e+01 4.536979199999999679e+01 4.846486500000000319e+01 4.678316399999999931e+01 5.438957599999999815e+01 4.375730500000000234e+01 2.693363499999999888e+01 4.050370300000000157e+01 nan 5.661166200000000259e+01 4.692775600000000225e+01 4.571712200000000337e+01
nan nan nan nan nan nan nan nan nan nan 4.503545799999999844e+01 4.062830799999999698e+01 4.449723600000000090e+01 4.497099200000000252e+01 4.890254199999999685e+01 3.978926400000000285e+01 3.488008200000000159e+01 3.605671900000000107e+01 nan 5.855621200000000215e+01 5.968579100000000182e+01 nan
nan nan nan nan nan nan nan 5.675947599999999937e+01 nan nan nan nan 5.863078200000000351e+01 4.601535100000000256e+01 5.568457500000000238e+01 nan nan nan 3.566455100000000300e+01 3.749916999999999945e+01 4.788358300000000156e+01 4.733846499999999935e+01
nan nan nan nan nan nan nan 5.454944499999999863e+01 nan nan 5.899063600000000207e+01 nan 5.741466700000000145e+01 4.462483799999999690e+01 4.773050200000000132e+01 5.223365400000000136e+01 nan 4.823307299999999742e+01 3.860247199999999879e+01 3.822087799999999902e+01 4.491713699999999676e+01 4.209282400000000024e+01
nan nan nan nan nan nan nan nan nan nan 5.943478700000000003e+01 nan 5.362225000000000108e+01 4.683205900000000099e+01 5.200007099999999838e+01 4.935575500000000204e+01 4.719074599999999720e+01 nan 4.103538600000000258e+01 4.530873499999999865e+01 3.442859599999999887e+01 4.299783299999999997e+01
nan nan nan nan nan nan nan nan nan nan nan nan nan 4.809477700000000056e+01 5.813725800000000277e+01 5.120791700000000191e+01 3.652900799999999748e+01 nan 4.737406800000000118e+01 4.885296199999999800e+01 4.259355099999999794e+01 3.836417200000000349e+01
