1.634193373935493299e-01 1.366214644389762978e-01 8.503223620940374150e-02 1.438192838647300020e-01 8.025505355898272797e-02 2.476136336469768606e-01 2.847839377861224319e-01 6.341181605714771297e-02 1.324777396313699951e-01 1.734260371391387612e-01 nan nan nan nan nan nan nan nan nan nan nan nan
2.718136272412727816e-01 2.099641619349884580e-01 1.241817997430071097e-01 1.369495516041328298e-01 2.292682995800220114e-01 1.138246036127208288e-01 1.634193373935493299e-01 8.829978385463470303e-02 3.667247668133818972e-02 3.588699555996460039e-02 nan nan nan nan 4.357751717092057109e-01 nan nan nan nan nan nan nan
1.241817997430071097e-01 9.708391625019391347e-02 4.682761188893827531e-02 5.562614353050422678e-02 8.528711756106432951e-02 7.795499955264197089e-02 8.093307493842263889e-02 1.666855285011455481e-02 3.616545866846665458e-02 2.018958479460349759e-02 3.809628615373578109e-01 nan nan 3.809628615373578109e-01 2.476136336469768606e-01 3.809628615373578109e-01 nan nan 2.476136336469768606e-01 1.607383185605434639e-01 1.438192838647300020e-01 2.099641619349884580e-01
nan 4.357751717092057109e-01 3.367230529138357520e-01 nan nan 4.357751717092057109e-01 nan 1.707693057414993720e-01 9.413839991354819303e-02 6.993618725097662525e-02 nan nan nan nan 3.809628615373578109e-01 nan nan nan nan nan nan nan
1.002556688752571368e-01 3.565112509282560710e-02 2.226099653240570797e-02 2.815396347762548837e-02 4.502779389795206338e-02 1.036398716214699672e-01 7.770910801839364668e-02 3.758843529401829225e-02 4.309791389858894789e-02 4.353147186004391322e-02 3.809628615373578109e-01 2.476136336469768606e-01 3.706415575838594711e-01 3.809628615373578109e-01 2.476136336469768606e-01 2.476136336469768606e-01 nan 3.809628615373578109e-01 1.821209058191011199e-01 2.099641619349884580e-01 2.476136336469768606e-01 1.950677444450527043e-01
7.941182604190344385e-02 3.450531952669395885e-02 1.347810959309433433e-02 2.807279964305265871e-02 2.585716050733900817e-02 6.196643210878104852e-02 3.924961560957435786e-02 2.896626996328987430e-02 3.646505302112356545e-02 4.086943766032136854e-02 3.809628615373578109e-01 1.950677444450527043e-01 2.476136336469768606e-01 2.718136272412727816e-01 1.707693057414993720e-01 3.367230529138357520e-01 2.099641619349884580e-01 3.010048489102398750e-01 7.178233962939632729e-02 5.046221317221189634e-02 1.707693057414993720e-01 3.809628615373578109e-01
4.378040450218921575e-02 3.335873651545181312e-02 1.754393705970608633e-02 3.223881137534992392e-02 1.894682569749695997e-02 4.678248455894371688e-02 4.449912897561164593e-02 1.557155395174459125e-02 1.767907782102916270e-02 2.073774436814635955e-02 1.002556688752571368e-01 1.266647029771968691e-01 8.528711756106432951e-02 2.718136272412727816e-01 2.345416470451795049e-02 4.054687942657692612e-01 1.050339641654033790e-01 1.607383185605434639e-01 7.066685925335798590e-02 3.749309578013094307e-02 5.926456918054285455e-02 1.438192838647300020e-01
4.078577761646303562e-02 3.131902274563087146e-02 2.121397871931129595e-02 3.028184149947912504e-02 2.706499606509017372e-02 5.512469472711547386e-02 3.724425792953268283e-02 1.318407979599314252e-02 1.713761968929067292e-02 2.101627049994964427e-02 2.272740130512162782e-01 1.821209058191011199e-01 8.804698498806523554e-02 3.010048489102398750e-01 3.782029158761269355e-02 1.909609249328599601e-01 nan 3.100241081412358768e-01 4.540370209318098788e-02 3.925507819739030430e-02 6.396294591176418520e-02 5.926456918054285455e-02
2.163737042847849526e-02 9.741764086714080340e-03 1.075024303189656312e-02 1.069898324000724370e-02 1.946734446528652906e-02 1.748520140106809770e-02 1.424519465089582951e-02 9.197330731067338699e-03 9.915756168510588692e-03 1.049601749793618866e-02 3.879952829333532804e-02 5.204906245765935496e-02 2.738198272323563373e-02 3.667247668133818972e-02 2.074541562509395545e-02 4.779956345754422797e-02 5.125333109467568315e-02 6.371981810987972783e-02 1.429526958382784478e-02 9.644396142098728142e-03 1.487932891719258473e-02 2.170515216589492119e-02
5.926456918054285455e-02 5.824227614607601494e-02 3.800927226561644223e-02 3.772951161408528292e-02 5.459158741378433016e-02 5.046221317221189634e-02 1.036398716214699672e-01 2.616827126277360138e-02 2.151173041416562168e-02 3.778262877981668211e-02 3.010048489102398750e-01 nan 2.272740130512162782e-01 nan 1.607383185605434639e-01 nan nan nan 2.099641619349884580e-01 9.249137837619519908e-02 1.101010667704736129e-01 2.272740130512162782e-01
1.533486847589608619e-02 1.923419751767984145e-02 8.966385157166327155e-03 9.082960488697111590e-03 1.900066988982860097e-02 2.435161485794232195e-02 1.574004265146021833e-02 1.174527573590716106e-02 1.334573301623172455e-02 1.452694763513598039e-02 4.005013642418318864e-02 4.756351434931629929e-02 4.467342288426186248e-02 3.128745044919565427e-02 3.150107911942352096e-02 5.114275264141209670e-02 3.403070167355601999e-02 4.190298991790612076e-02 2.704974873570139410e-02 2.169111362950171609e-02 3.264909628698001859e-02 2.815396347762548837e-02
4.632869308023458699e-02 2.284057940539525530e-02 1.656804600531290583e-02 2.400165410001628766e-02 3.360882298671570567e-02 5.716107540780412249e-02 5.204906245765935496e-02 2.429710057139814264e-02 3.385277781520292656e-02 2.855358517606016583e-02 7.372847625073611355e-02 1.438192838647300020e-01 8.528711756106432951e-02 8.804698498806523554e-02 1.002556688752571368e-01 1.607383185605434639e-01 1.187712532832855272e-01 1.607383185605434639e-01 8.724109663016892113e-02 6.993618725097662525e-02 6.993618725097662525e-02 4.697334734129097328e-02
5.398493404036289189e-02 6.582729260981361186e-02 3.346386474504255137e-02 2.572973705630701019e-02 5.498905850702948128e-02 7.813092655856423985e-02 7.537687519660879465e-02 3.361303398703881923e-02 4.387245069131778807e-02 3.795834138235057442e-02 3.010048489102398750e-01 1.187712532832855272e-01 2.099641619349884580e-01 nan 2.292682995800220114e-01 2.854174148212371698e-01 8.804698498806523554e-02 1.716893028953822009e-01 9.099106753621995225e-02 7.372847625073611355e-02 1.607383185605434639e-01 1.909609249328599601e-01
6.377574995417098491e-02 4.934533190117931789e-02 4.730835375390689962e-02 3.536769884171378497e-02 5.145240700052414184e-02 7.642623018775016042e-02 5.584295054047427181e-02 4.688153736037007496e-02 2.643720172509687535e-02 3.400562698282399987e-02 nan nan nan nan 1.821209058191011199e-01 nan nan nan nan nan nan nan
7.586261410943282400e-03 1.302097234043147513e-02 8.655886641173530724e-03 1.503115501792484827e-02 1.206101279215449941e-02 1.476293171668696322e-02 9.580384275848763051e-03 1.069196310982883404e-02 1.367363933695146805e-02 1.385478420365559085e-02 2.159014187272033716e-02 3.532677467052931092e-02 2.760761439723312741e-02 6.260542743670913235e-02 2.798437368754197463e-02 4.255928704121114681e-02 4.064928192251297812e-02 3.890329799514016806e-02 2.539171169179174972e-02 2.252360365849369328e-02 3.234276130600766130e-02 4.566736689216694539e-02
3.451412521835364733e-02 3.371164374481960130e-02 4.308211410943735276e-02 3.117493157024824393e-02 2.870932482249565279e-02 3.805278528400043991e-02 2.539781253755231741e-02 1.814612025900410111e-02 1.769789575646041682e-02 2.393997605962647560e-02 3.367230529138357520e-01 3.809628615373578109e-01 3.809628615373578109e-01 3.010048489102398750e-01 3.010048489102398750e-01 nan nan 3.809628615373578109e-01 nan nan 3.809628615373578109e-01 3.367230529138357520e-01
2.734687667814630213e-02 4.446751953352365283e-02 2.581041066820602761e-02 2.818233323930854212e-02 2.446235980256478149e-02 3.667756329458032177e-02 2.931987696973116508e-02 2.128814286746266368e-02 2.756097132260813473e-02 2.072457429319775682e-02 3.010048489102398750e-01 nan 2.099641619349884580e-01 3.809628615373578109e-01 1.716893028953822009e-01 4.357751717092057109e-01 2.718136272412727816e-01 nan 3.367230529138357520e-01 1.950677444450527043e-01 3.706415575838594156e-01 2.099641619349884580e-01
2.519373817184095837e-02 3.358505853719925827e-02 2.987334945598764391e-02 3.470715101104655115e-02 2.955708644728667275e-02 4.060064717342156543e-02 2.546672643106489414e-02 1.953947113089401014e-02 2.318909476569131281e-02 2.289574032240176971e-02 1.716893028953822009e-01 1.607383185605434639e-01 1.138108950760257920e-01 1.078310912672267169e-01 1.101010667704736129e-01 3.367230529138357520e-01 3.809628615373578109e-01 3.010048489102398750e-01 6.276599149995144844e-02 7.473943272399249937e-02 8.095772524958404215e-02 8.269473071902942729e-02
5.127270096493264512e-02 3.474667529012772510e-02 3.229315213427164100e-02 2.893847054396246968e-02 3.292357386149336734e-02 5.321204756170005989e-02 3.451742556410680035e-02 2.377557352505112881e-02 3.573024954727609809e-02 4.123007123160021825e-02 3.671083260309316448e-02 6.600259838043431859e-02 3.971475293890162905e-02 6.649901325323033519e-02 4.752933769991482538e-02 1.101010667704736129e-01 1.108925797698738086e-01 7.835421151132780648e-02 1.336092633562415144e-01 4.221611864917342027e-02 1.101010667704736129e-01 1.519935704769038165e-01
7.366192857533512828e-02 6.701419200497750472e-02 7.559977606722045884e-02 4.672763585435798367e-02 5.943766621111529896e-02 9.908469653118803788e-02 3.374286942215073276e-02 2.616207722450132958e-02 1.100583132905325924e-02 2.941732890365194100e-02 3.809628615373578109e-01 3.010048489102398750e-01 3.809628615373578109e-01 nan 1.438192838647300020e-01 3.809628615373578109e-01 nan 3.010048489102398750e-01 1.607383185605434639e-01 1.607383185605434639e-01 1.558988433825599373e-01 3.367230529138357520e-01
4.217589038972347631e-02 3.363701189376600703e-02 3.221985278284941745e-02 3.272093705081134674e-02 3.241326382302353593e-02 4.637707884659738461e-02 2.822111570439975528e-02 1.503388842563386021e-02 2.144606869628479587e-02 1.821480275970571022e-02 2.570152648270280019e-02 6.716004249705011253e-02 3.059452063927584065e-02 3.835415345852061231e-02 1.899727210359086760e-02 9.307560746710151489e-02 3.535935129616483985e-02 8.293216956898864789e-02 5.451055713762444077e-02 3.190576413460225608e-02 6.445731531462559061e-02 4.067888538908195212e-02
3.172882701833321106e-02 2.325710971055005086e-02 2.686374994116857637e-02 2.108553925121499709e-02 2.025205269763393628e-02 1.764933827694439156e-02 1.722144995961645206e-02 1.754733311676715327e-02 2.430592685441911385e-02 1.992398828941538066e-02 3.180004776042730935e-02 3.008674956320993299e-02 4.465297936105296767e-02 3.772951161408528292e-02 3.703860171617828073e-02 9.099106753621995225e-02 4.465755451156115663e-02 3.238066319652854047e-02 1.330725724489765227e-01 5.874015099557609865e-02 1.071632193066655581e-01 1.821209058191011199e-01
1.942532889876662575e-02 1.371105173763699850e-02 1.109912903734328396e-02 2.197753103835219102e-02 1.167575831691994130e-02 9.988689290822276232e-03 1.412120106460452128e-02 9.005702537649304396e-03 1.182888708413061193e-02 9.689025323342616985e-03 7.070329522688266477e-02 9.983516429982064455e-02 1.316081928054340378e-01 6.818251567999551732e-02 8.804698498806523554e-02 8.267679067323063791e-02 1.609484891483821123e-01 1.241817997430071097e-01 1.427382037379460178e-01 1.187664676456226392e-01 1.033367418590916131e-01 1.178071876322016182e-01
2.582671436947378205e-02 2.474281108328788698e-02 2.232290443103790087e-02 2.444560802120023663e-02 2.447413570753234624e-02 3.271391604466204750e-02 2.531472743470073589e-02 1.773122049599384215e-02 2.336526670608683395e-02 2.235636234623035457e-02 5.013316967932766183e-02 6.018224294899509469e-02 3.490443907267338358e-02 5.080086440901088879e-02 2.382811674577963584e-02 1.010241740945828914e-01 8.957721324312384326e-02 7.395778311948897343e-02 7.876781800901032360e-02 3.745998355332084279e-02 7.978155132777861591e-02 4.626983894334041336e-02
2.149546174496765050e-01 1.266647029771968691e-01 1.078310912672267169e-01 1.021855325314440094e-01 7.372847625073611355e-02 3.010048489102398750e-01 2.022694440619842438e-01 9.202072703070410253e-02 5.451055713762444077e-02 1.808236316043189407e-01 nan nan nan nan 3.809628615373578109e-01 nan nan nan nan nan nan nan
3.049402587813571444e-02 3.147720099256855197e-02 2.444117290335835399e-02 2.781632592312653293e-02 2.645799184681442429e-02 3.559922444333000341e-02 2.991692617650890812e-02 2.064084699985128252e-02 2.429995088175536735e-02 2.606510455392983122e-02 1.389996491718173688e-01 1.058939667512846933e-01 9.780374850780172713e-02 1.263159641985776294e-01 9.093909723230426956e-02 1.352387317893921914e-01 1.347273524891763608e-01 9.908469653118803788e-02 8.776266936611751279e-02 8.328408743292184391e-02 9.102638735024461136e-02 1.170706416139027928e-01
3.351786563517793888e-02 3.020149106557101087e-02 2.265524879155982052e-02 2.616445649052266675e-02 2.772118059117342423e-02 3.766643551578298388e-02 2.717722576867962619e-02 1.845235364880980222e-02 2.855687729607242140e-02 3.160659624131013229e-02 3.955726425453875289e-02 1.250794796341924142e-01 5.407194816516045638e-02 7.076308480986412408e-02 7.451250563302018459e-02 2.718136272412727816e-01 1.519935704769038165e-01 1.175635168385471691e-01 7.295546104237865537e-02 5.364550442330724006e-02 6.929773529322542924e-02 1.141314857630818108e-01
9.447167892297103631e-03 1.089147951961698044e-02 7.012583151648480416e-03 1.062696406631556158e-02 8.739654229013503819e-03 1.392011138852103196e-02 9.630614839059392293e-03 8.668812469903763168e-03 1.165562650847463272e-02 1.222956673065985801e-02 1.035408575749603884e-02 4.030044094418155920e-02 1.849540906829306303e-02 3.120767790392789398e-02 2.459915889623953689e-02 7.839061138431550890e-02 3.079842271483864205e-02 1.695989294628177935e-02 1.751809062721181379e-02 1.621554238052827848e-02 2.564891480885482869e-02 4.862651393390846066e-02
1.891950636860928459e-02 2.132121656244016436e-02 1.796667911929134692e-02 1.804114074626951905e-02 1.683376347533902320e-02 2.686557932334934437e-02 1.775253943998028605e-02 1.301860857050150984e-02 1.584241904135748336e-02 1.667326995421453475e-02 2.350097802167388367e-02 4.933506057542434708e-02 3.396744077916949434e-02 4.041043398034646628e-02 3.739290459740476219e-02 7.284996521150205462e-02 4.210829136386490951e-02 4.994150925394956475e-02 5.055037137766373034e-02 2.642442672720280231e-02 4.477809624922098747e-02 3.809968504174474080e-02
1.714001253087541962e-02 1.429613795217682740e-02 1.401928883599990253e-02 1.241993720385812551e-02 1.320331618929222912e-02 1.868347398690917149e-02 1.451473454792007872e-02 1.035509509821937006e-02 1.321427687161257775e-02 1.385551725648240598e-02 2.561366590622949843e-02 4.160191700974252144e-02 1.737777877355489720e-02 3.076516453868777951e-02 1.255250607059853023e-02 6.331625886722398733e-02 3.923357373722475422e-02 3.501322521876761018e-02 4.591332415544599477e-02 2.431009727327823264e-02 3.254675270215185573e-02 3.117427902461896577e-02
2.001328051665878655e-02 2.585621748575872569e-02 1.938218317016019918e-02 2.265081352356431571e-02 1.730805004211682929e-02 3.302755708422951131e-02 1.359313825318173366e-02 1.737466373839603728e-02 2.460466032957846563e-02 2.324867833073864659e-02 3.848672399444531128e-02 2.864809771830862523e-02 3.020524714673638103e-02 2.555889261608405502e-02 3.786193310338436396e-02 4.697334734129097328e-02 4.983087930535527038e-02 3.091969008171086344e-02 6.896801161121493551e-02 4.177992575633161787e-02 7.228989127827051275e-02 8.127186326796062565e-02
3.127000518012554298e-02 1.881908858369428852e-02 2.025308588390505732e-02 1.732261815976944563e-02 1.487220104483532625e-02 1.960093251297282541e-02 1.102575289273359689e-02 1.462481285547444394e-02 1.416509780989342812e-02 1.532950587719333381e-02 7.149150215809836617e-02 6.396294591176418520e-02 3.611623789771221948e-02 4.808892627811461179e-02 3.156206384735248116e-02 8.095772524958404215e-02 6.993618725097662525e-02 5.942930443092693527e-02 6.708324856091929522e-02 3.354970479681602946e-02 5.240836858943999366e-02 6.993618725097662525e-02
3.043509323387789609e-02 5.005021759384074842e-02 3.682587178790162202e-02 4.239906448854761228e-02 3.735239893557115026e-02 4.557173259106547802e-02 1.506683783272750460e-02 3.482398590335587796e-02 4.250635397543091332e-02 4.802260955253089686e-02 1.366214644389762978e-01 2.243068117006538353e-01 1.301063895550240157e-01 1.716893028953822009e-01 1.101010667704736129e-01 1.011329912472971743e-01 3.367230529138357520e-01 1.011329912472971743e-01 7.547386846364541324e-02 6.478143273236754152e-02 1.832967502522322156e-01 2.476136336469768606e-01
1.614046781425292412e-02 2.075939806972401658e-02 1.530170221117342112e-02 1.758395080478333122e-02 1.702904980112657576e-02 2.211653177170905607e-02 1.329018971058171239e-02 1.406711130166897993e-02 1.886909227296377015e-02 1.935239313984112031e-02 3.291347686189353972e-02 3.035936637521580855e-02 3.997544459020836716e-02 3.440269984035656398e-02 4.241310184924782650e-02 5.549514872503699681e-02 3.903214289712348545e-02 2.496278489527792299e-02 3.605162106565159424e-02 2.033659799820329225e-02 4.016691265719070369e-02 2.811470764326929467e-02
2.111505594482971856e-02 1.422285843382460960e-02 1.124775473770067008e-02 1.072969540339865913e-02 1.465646354771857340e-02 1.585223273782548556e-02 2.063038060402469856e-02 8.136021779050997549e-03 7.657112820813590480e-03 9.676805392478532442e-03 4.566736689216694539e-02 9.099106753621995225e-02 3.058305405346752048e-02 6.196643210878104852e-02 2.125496985567419672e-02 1.438192838647300020e-01 7.178233962939632729e-02 5.800004246110418427e-02 2.258480177680777246e-02 1.787163402911527005e-02 2.354367882019949010e-02 3.667247668133818972e-02
4.169096634077254504e-02 4.222366181202859281e-02 1.152247403767469799e-02 2.033025339604940807e-02 3.011981140415797426e-02 3.550673424369277936e-02 7.721008157878381239e-02 2.656455262638900139e-02 2.966866782658273208e-02 2.966484261914066264e-02 3.582558740493173299e-02 6.818251567999551732e-02 5.926456918054285455e-02 1.707693057414993720e-01 4.629815447641745518e-02 1.950677444450527043e-01 6.993618725097662525e-02 1.366214644389762978e-01 6.587894168370170278e-02 4.919983274911776672e-02 3.630427963693894783e-02 6.649901325323033519e-02
nan nan nan nan nan 4.357751717092057109e-01 nan nan 3.010048489102398750e-01 nan nan 2.860064807222964522e-01 2.476136336469768606e-01 nan 1.092469815160791446e-01 4.357751717092057109e-01 4.357751717092057109e-01 2.860064807222964522e-01 2.272740130512162782e-01 7.178233962939632729e-02 1.707693057414993720e-01 2.476136336469768606e-01
3.809628615373578109e-01 nan 2.272740130512162782e-01 nan 3.010048489102398750e-01 2.292682995800220114e-01 nan 1.011329912472971743e-01 9.413839991354819303e-02 2.476136336469768606e-01 1.438192838647300020e-01 1.607383185605434639e-01 6.651455309058061649e-02 1.138108950760257920e-01 5.125333109467568315e-02 1.609484891483821123e-01 nan 7.372847625073611355e-02 9.426094566051666790e-02 6.332279426040209047e-02 6.058541740160328093e-02 1.823274850946221270e-01
3.010048489102398750e-01 nan 1.438192838647300020e-01 nan 6.993618725097662525e-02 3.010048489102398750e-01 nan 6.341181605714771297e-02 2.476136336469768606e-01 1.607383185605434639e-01 7.578293353312501313e-02 9.099106753621995225e-02 6.058541740160328093e-02 1.011329912472971743e-01 6.744945929088205783e-02 4.739898227980527540e-02 1.101010667704736129e-01 5.046221317221189634e-02 6.275496305378477913e-02 2.108736051251241042e-02 3.641854936695916589e-02 4.519319091029973950e-02
nan nan nan nan nan 3.809628615373578109e-01 nan nan nan nan nan 2.272740130512162782e-01 1.187712532832855272e-01 nan 9.099106753621995225e-02 2.718136272412727816e-01 nan 1.707693057414993720e-01 1.607383185605434639e-01 4.387401993278407936e-02 1.187712532832855272e-01 1.607383185605434639e-01
1.921396429210663614e-01 2.476136336469768606e-01 1.011329912472971743e-01 nan 1.821209058191011199e-01 2.099641619349884580e-01 nan 7.372847625073611355e-02 7.795499955264197089e-02 1.092469815160791446e-01 8.152605087423389629e-02 4.543871228202504137e-02 4.344698357327304167e-02 7.493818089616829936e-02 1.666855285011455481e-02 6.528247156772853943e-02 1.832629087194390383e-01 4.856043000779680652e-02 7.058286457837545380e-02 4.736872568711388704e-02 4.604143073752703375e-02 6.516585875883805501e-02
1.518121915780855369e-01 7.178233962939632729e-02 8.829978385463470303e-02 7.721008157878381239e-02 1.821209058191011199e-01 1.301063895550240157e-01 1.752074653023268369e-01 4.056249497518347319e-02 5.633256425676114870e-02 1.607383185605434639e-01 2.988793637717554463e-02 6.260542743670913235e-02 2.412487453317251063e-02 3.135130998648601175e-02 2.390038835352342392e-02 8.127186326796062565e-02 9.461173438475908859e-02 3.627548638907752282e-02 4.833019632512512709e-02 3.712209745924986010e-02 3.878399874823361404e-02 5.590224706492913365e-02
1.002556688752571368e-01 1.050339641654033790e-01 9.202072703070410253e-02 8.724109663016892113e-02 5.678831278518709641e-02 9.249137837619519908e-02 1.675479006884507127e-01 2.286201847996058648e-02 6.196643210878104852e-02 5.678831278518709641e-02 2.153953668356297854e-02 2.029948116902087138e-02 1.559482441927178588e-02 2.719858063434689444e-02 9.614835395977074442e-03 3.073432828673890518e-02 3.749309578013094307e-02 1.181996547951188678e-02 3.001470212837345150e-02 1.986996528333948020e-02 2.007948791516924944e-02 2.734743551421383451e-02
1.187712532832855272e-01 8.269473071902942729e-02 5.889329705628416206e-02 3.535935129616483985e-02 4.973263383471304006e-02 6.651455309058061649e-02 2.016226006676273275e-01 1.423580187599807548e-02 3.319903930511520357e-02 9.148343592970036020e-02 2.550632609604779749e-02 2.511712855673315856e-02 1.507172833156599639e-02 1.783498322793093324e-02 7.272348428124911918e-03 2.683289374048030557e-02 3.235572331106371935e-02 1.411635208965812509e-02 2.011405059680180032e-02 1.486576556735697864e-02 1.292028764760893775e-02 2.127425531891951466e-02
3.058305405346752048e-02 2.567042322816956781e-02 1.759995835105609280e-02 2.567190464360618804e-02 1.990007549759210612e-02 6.649901325323033519e-02 6.269236907225173017e-02 1.027496919260992292e-02 2.102407466588238766e-02 3.291347686189353972e-02 1.353116719031547018e-02 1.087010827544464264e-02 9.431002361546907825e-03 1.246414269762535949e-02 4.668798831817679885e-03 1.716169517847928455e-02 3.319930499685452147e-02 1.210218946859333705e-02 1.135977013547419430e-02 9.163519102491423513e-03 9.693836032283008677e-03 1.182374130746943752e-02
2.854174148212371698e-01 nan 2.373725694749826143e-01 1.950677444450527043e-01 3.010048489102398750e-01 4.900560263986489945e-02 1.160592255699956638e-01 6.993618725097662525e-02 2.099641619349884580e-01 1.301063895550240157e-01 4.445595535365418766e-02 5.371694878046719829e-02 3.020524714673638103e-02 4.791559735048642882e-02 2.604026011291507570e-02 1.002556688752571368e-01 5.240836858943999366e-02 4.973263383471304006e-02 2.472660232806882588e-02 2.640526758989066372e-02 2.037881131606485499e-02 3.450531952669395885e-02
4.900560263986489945e-02 4.697334734129097328e-02 4.067888538908195212e-02 4.626983894334041336e-02 2.493595718249722037e-02 8.269473071902942729e-02 4.064928192251297812e-02 1.614521549677640916e-02 4.382385416758103475e-02 2.821793990428036331e-02 1.114376921710924159e-02 1.098133447117382797e-02 8.481261609330914206e-03 1.507057554918769630e-02 7.017330901857164044e-03 2.375400590866702868e-02 2.703020465730826549e-02 1.095778324868392634e-02 1.935593421334282777e-02 1.461716359936249786e-02 1.455208343968187809e-02 1.714079550702008251e-02
3.383866303536623432e-01 2.272740130512162782e-01 1.607383185605434639e-01 1.518121915780855369e-01 nan 3.809628615373578109e-01 9.461173438475908859e-02 4.617519533630786571e-02 1.707693057414993720e-01 1.138108950760257920e-01 4.865534952446597117e-02 4.697334734129097328e-02 2.910802335089947637e-02 3.611623789771221948e-02 1.486624191993484237e-02 6.492617232672384664e-02 7.178233962939632729e-02 3.441279399744536643e-02 4.667334007181306310e-02 3.169297776292040458e-02 3.008023005966944594e-02 3.624695130013442373e-02
2.476136336469768606e-01 1.607383185605434639e-01 3.010048489102398750e-01 3.010048489102398750e-01 9.099106753621995225e-02 3.809628615373578109e-01 1.950677444450527043e-01 9.096330184408264741e-02 1.642504659090506802e-01 9.099106753621995225e-02 5.211848776539364930e-02 5.339664586949360164e-02 2.365842186166415215e-02 3.715647685321537413e-02 3.459649358931465857e-02 6.987449130828696231e-02 9.369829135634058503e-02 3.944062589838515792e-02 5.779092801969740179e-02 4.202525346031073944e-02 5.089150101837671553e-02 5.734998021778630467e-02
1.033367418590916131e-01 1.366214644389762978e-01 2.958397607402428811e-02 1.187712532832855272e-01 5.240836858943999366e-02 1.518121915780855369e-01 9.413839991354819303e-02 1.301063895550240157e-01 5.800004246110418427e-02 5.204906245765935496e-02 3.240757041513674802e-02 3.109761258894313402e-02 3.452199590364315313e-02 5.661817179238465975e-02 2.248246815969543247e-02 3.272836382859761750e-02 7.451817529705385967e-02 3.206861669439537571e-02 6.090529323723503641e-02 2.821686908177796493e-02 2.660834558863569774e-02 3.935836436445242642e-02
2.404159639415066885e-02 4.221611864917342027e-02 1.590258673801180772e-02 5.371694878046719829e-02 1.929381525142258302e-02 4.178948868903660518e-02 1.563271293831460657e-02 3.338909251810978640e-02 5.352434174703008668e-02 3.312208371250042332e-02 9.771099855588492519e-03 1.080898853481349585e-02 7.859782052332654756e-03 1.010128719944893699e-02 9.008028393386772331e-03 1.237020479076104441e-02 1.713642577179112086e-02 7.242323133451464452e-03 1.510160058308690142e-02 1.156129601848884803e-02 1.490661047339371034e-02 1.612095191839063926e-02
1.950677444450527043e-01 1.716893028953822009e-01 9.413839991354819303e-02 6.818251567999551732e-02 1.707693057414993720e-01 2.280299853445609815e-01 2.395078476917590904e-01 1.427382037379460178e-01 7.795499955264197089e-02 8.982233729126017086e-02 5.228605528867880797e-02 3.763966129767153113e-02 3.246120915518015126e-02 3.190893779635090716e-02 1.609523831717264014e-02 2.232480074448158283e-02 3.955726425453875289e-02 1.783664263545627418e-02 3.026211581059122177e-02 1.954844118338823836e-02 1.427128275489243127e-02 1.914315743309737486e-02
4.054687942657692612e-01 1.950677444450527043e-01 1.518121915780855369e-01 8.269473071902942729e-02 3.010048489102398750e-01 4.357751717092057109e-01 3.383866303536623432e-01 3.367230529138357520e-01 1.821209058191011199e-01 9.413839991354819303e-02 1.676146283853875013e-02 2.862545207997987950e-02 1.140315724823826558e-02 2.752077873658442114e-02 1.839934940601729157e-02 3.555817648858251162e-02 4.862689497640686198e-02 2.559074282558522137e-02 2.736769490667257873e-02 2.343448284429821074e-02 2.118514031813509974e-02 3.288837507809604099e-02
9.202072703070410253e-02 8.095772524958404215e-02 4.125226606068056051e-02 8.804698498806523554e-02 2.694338315274890164e-02 2.272740130512162782e-01 7.381386409572406049e-02 5.195585131673984697e-02 5.453330366605695784e-02 4.251333607035633760e-02 1.625900107220360977e-02 2.009206991885643598e-02 1.204465992010504694e-02 2.264892276351938502e-02 1.982716521885467473e-02 2.368368960474847087e-02 3.771548193928013493e-02 1.804279513657205611e-02 3.074310927681696629e-02 2.142659248097257899e-02 2.130056822073093242e-02 2.320971946095565577e-02
4.501856960448569894e-02 4.917530848776116570e-02 4.739898227980527540e-02 5.360678759873811067e-02 9.258307569370888279e-02 1.518121915780855369e-01 5.473895128659005821e-02 1.126702300545736474e-01 7.007303801371821128e-02 1.501510776692969451e-01 3.211491039512203577e-02 3.424169587135414417e-02 2.926774606072439153e-02 3.444459101650943628e-02 2.395031670784579514e-02 3.130660814645056661e-02 5.062517854919183075e-02 2.550038545952751021e-02 4.664703673001262263e-02 3.142494962645773354e-02 3.504720300253905130e-02 3.802468548420168820e-02
2.455195743495247329e-01 2.476136336469768606e-01 1.383195241321927282e-01 1.092469815160791446e-01 1.011329912472971743e-01 4.357751717092057109e-01 1.821209058191011199e-01 1.950677444450527043e-01 1.187712532832855272e-01 1.513825105885968914e-01 9.488164274145539923e-02 4.359075902956799364e-02 6.220485841095190621e-02 5.716107540780412249e-02 3.824169050661586911e-02 4.213230382485096820e-02 5.839444438505580343e-02 2.554555550831164382e-02 5.201450745802366910e-02 4.213230382485096820e-02 2.666214396885397200e-02 2.138870133848306057e-02
2.716000839041429749e-02 4.697334734129097328e-02 2.029948116902087138e-02 4.393552429673515392e-02 3.334784856216219812e-02 1.220653926463693834e-01 3.205990000980580429e-02 8.095772524958404215e-02 7.930844868213399179e-02 7.161935120817704281e-02 2.931955696227341729e-02 3.282864457947867742e-02 2.661912116274467791e-02 3.753681960108879584e-02 2.074610177761018401e-02 2.596331840289241993e-02 3.804845721254760532e-02 2.175835962423746522e-02 3.038367633113757058e-02 2.506121575970539014e-02 2.210537981117250209e-02 2.446831367985702332e-02
5.459158741378433016e-02 6.073358934191921271e-02 4.761345073695705254e-02 6.708324856091929522e-02 7.547386846364541324e-02 3.367230529138357520e-01 5.286986742212123475e-02 8.744269675411366072e-02 1.292260678784822592e-01 1.821209058191011199e-01 3.147184035087739751e-02 2.135873867432181925e-02 2.589224232744068849e-02 2.692666516643498625e-02 1.830612152850797161e-02 1.407425160108910153e-02 5.013316967932766183e-02 1.963686504437012897e-02 4.072799766319096237e-02 2.361889046851504623e-02 3.114213310222074468e-02 1.726275890125915716e-02
3.782029158761269355e-02 5.240836858943999366e-02 5.204906245765935496e-02 7.547386846364541324e-02 2.904353218353034755e-02 1.138108950760257920e-01 1.638705201664663116e-02 2.718136272412727816e-01 4.954232101127743065e-02 7.930844868213399179e-02 1.283909527699988659e-02 1.983371056420648801e-02 1.122051199066748106e-02 7.595069230359033363e-03 8.299522552321763127e-03 1.541823441482513372e-02 7.886063563209517666e-03 1.134908035892744603e-02 8.988291049184185186e-03 1.298177230765857823e-02 1.219894865322011107e-02 1.100225143813635467e-02
5.583687300487673311e-02 1.098945392196267606e-01 2.512332579192518359e-02 3.523866494334754185e-02 8.128843418497271045e-02 1.718565444154556976e-01 4.938808877673653286e-02 2.864809771830862523e-02 6.260696140447304103e-02 6.331984210361803200e-02 2.143097376193357773e-02 2.514307423409562967e-02 1.917312152345088810e-02 2.515175976615609266e-02 1.805772216387379822e-02 2.656891144847859168e-02 3.925884783743851386e-02 2.193943216166564791e-02 2.429729280360820587e-02 2.154015387272618584e-02 2.239941098296104049e-02 2.705795483797281478e-02
3.809628615373578109e-01 nan nan nan 2.718136272412727816e-01 nan 2.476136336469768606e-01 nan nan nan 2.099641619349884580e-01 2.476136336469768606e-01 2.476136336469768606e-01 2.854174148212371698e-01 1.864209492617320274e-01 1.050339641654033790e-01 3.010048489102398750e-01 1.438192838647300020e-01 3.809628615373578109e-01 2.243068117006538353e-01 2.718136272412727816e-01 1.821209058191011199e-01
5.543568427090315304e-02 1.158853781721560644e-01 3.752924912950946629e-02 2.904353218353034755e-02 3.782029158761269355e-02 1.607383185605434639e-01 3.582558740493173299e-02 5.574023828942078346e-02 9.317505155348779211e-02 9.277431231397877121e-02 2.446476516898441270e-02 2.695889575554702433e-02 2.053728860137274403e-02 2.995098396536528124e-02 2.166604211902757246e-02 3.845020128724697950e-02 4.990249020796458379e-02 2.584484880487893099e-02 3.263333917667746165e-02 2.653601621433719290e-02 2.892851579453610544e-02 3.204443881106808917e-02
3.879524215430724121e-02 4.141118686505376040e-02 4.191357896899113034e-02 5.736657713295374023e-02 2.895340904212826555e-02 1.241817997430071097e-01 4.276004811302070580e-02 5.691172453141691429e-02 9.124572634662453385e-02 7.264582937805168228e-02 2.701431759155079049e-02 2.888272098293808224e-02 2.037965178639033689e-02 2.891235750218334663e-02 1.937390842677217881e-02 3.112017352834150000e-02 4.823075907340779178e-02 2.265373124860203466e-02 2.830135727824250116e-02 2.265014552839983084e-02 2.975202346711241022e-02 2.967640114371206811e-02
2.535041575569045580e-02 3.413278391221396396e-02 1.883359723492666893e-02 8.263000536527753681e-02 1.981717529448039430e-02 5.822101313904398667e-02 2.318734160993659449e-02 4.319753150722444729e-02 3.223093194982332155e-02 4.650263309678551171e-02 5.719113269414963056e-03 9.056580244976061844e-03 6.248672575976984243e-03 8.121156953571852591e-03 6.373858929376196268e-03 1.069641371991293145e-02 1.551911321319515528e-02 6.566524073292149058e-03 1.178296277207092901e-02 1.067578995693672407e-02 1.080643457531675969e-02 1.189897059118467763e-02
1.939195036528234412e-02 3.824395318126532634e-02 2.606254446662750746e-02 3.062265144307232262e-02 3.051840196338068828e-02 9.760852324353551379e-02 1.162572366853921804e-02 3.146923510738335039e-02 4.081810486107285973e-02 3.035936637521580855e-02 1.342783389113845656e-02 1.567616795410080657e-02 1.427241677880388381e-02 1.841223054870779266e-02 1.263038320509706457e-02 1.854988754613801083e-02 3.256512941561991864e-02 1.638745968774992651e-02 1.843969633378331890e-02 1.301802203788558245e-02 1.654880538030347598e-02 1.655680150106273243e-02
2.640553514720036035e-02 2.756812598025392552e-02 1.356960638330126194e-02 2.105855682997409897e-02 3.015700720652592093e-02 8.044028876882619583e-02 2.420495122828844256e-02 1.951787515043950857e-02 4.483925785194915747e-02 5.158590855852774465e-02 1.266084275126027302e-02 1.550811383616166814e-02 1.090495148268840787e-02 1.408039580202156971e-02 1.004037737486939384e-02 1.523964849932600563e-02 2.255175466466519466e-02 1.180607910967242276e-02 1.579647431490920073e-02 1.151748181991865683e-02 1.382282326423912334e-02 1.472329264685379516e-02
4.330467254753222334e-02 5.047830421942690188e-02 1.929460144741984226e-02 3.224438228113219590e-02 4.190298991790612076e-02 1.950677444450527043e-01 5.182490400456227220e-02 2.815279905925775067e-02 4.569271293792948052e-02 1.484413976458708040e-01 1.462790476579660034e-02 1.314911096354010912e-02 1.284470478554343952e-02 1.918469366006250038e-02 1.575664426247518415e-02 1.412574512099822738e-02 2.885656843477295633e-02 1.319093898202361274e-02 2.349379728781376964e-02 1.707237319426889097e-02 2.123394428801014810e-02 1.991009547023850357e-02
3.903214289712348545e-02 6.924412100773102985e-02 3.275333139203712857e-02 2.672668180466578405e-02 1.463798034966141415e-01 1.821209058191011199e-01 8.269473071902942729e-02 2.134299239391951666e-02 4.393552429673515392e-02 1.212062626961717127e-01 2.251140022234670440e-02 1.077921718802060669e-02 1.835177589048881536e-02 1.830673671649619971e-02 1.517685193770207212e-02 9.851595162240954495e-03 1.527656424183255687e-02 1.099375299177174012e-02 2.546615403898390417e-02 1.614400266878891418e-02 1.192968734764620654e-02 1.279046737455691307e-02
6.058541740160328093e-02 1.046049231756994158e-01 2.429310935595057827e-02 2.519428981735926873e-02 1.490319631111133580e-01 2.718136272412727816e-01 1.301063895550240157e-01 4.637676872743713707e-02 9.413839991354819303e-02 2.854174148212371698e-01 2.869266987780531158e-02 2.567190464360618804e-02 2.353476605661632137e-02 3.561655662957859125e-02 2.759282364315100364e-02 3.787455916626164543e-02 4.077435786672334306e-02 2.810949207774612185e-02 4.409872663776673307e-02 3.184781659882636451e-02 3.500188134535684586e-02 3.342275175541761789e-02
2.141990539785894668e-02 5.371694878046719829e-02 3.808893890400312510e-02 6.647377086448552630e-02 2.387029844215265290e-02 5.800004246110418427e-02 2.258303943997515620e-02 2.784251941552514167e-02 3.045313885645863777e-02 3.032383136714869587e-02 1.356591961059672342e-02 1.319181302025739660e-02 1.209901055321263401e-02 1.919212564619877937e-02 1.343064600675177023e-02 1.700166843736366368e-02 2.296374907050080169e-02 1.048653109565868963e-02 2.074877515210732729e-02 1.515335816309565202e-02 1.823669490970902807e-02 1.969087323976404999e-02
7.772481145170896666e-02 5.095823150624526066e-02 4.465297936105296767e-02 2.248358870670960283e-02 2.337074175302113893e-02 4.761345073695705254e-02 8.102773107572346090e-02 7.077002058778463639e-03 2.738198272323563373e-02 2.807279964305265871e-02 1.636034943243019901e-02 1.814947151401948358e-02 1.251866027256638876e-02 1.502355459761779179e-02 8.413709704453401980e-03 1.150042507599764209e-02 3.332095518176138998e-02 1.262752181437863663e-02 1.196715063896211517e-02 1.025568792747277858e-02 1.195596771061139055e-02 1.285032760665762337e-02
2.718136272412727816e-01 2.022694440619842438e-01 7.178233962939632729e-02 4.221611864917342027e-02 1.092469815160791446e-01 2.149546174496765050e-01 2.018391833670279134e-01 2.625021977443695378e-02 9.957745507211288039e-02 6.818251567999551732e-02 2.830738002805878797e-02 2.591530203061673948e-02 3.492902870269692928e-02 3.507001749814180752e-02 2.005327967133049144e-02 4.169096634077254504e-02 5.501230850103933090e-02 4.090911653143449594e-02 5.918575135454583885e-02 3.838938810772964116e-02 3.889136733894565934e-02 3.973534494379878101e-02
