4.531250000000000000e+01 8.269921899999999937e+01 6.655273400000000095e+01 7.656250000000000000e+01 6.600000000000000000e+01 7.050000000000000000e+01 6.484375000000000000e+01 8.162841799999999637e+01 7.802734399999999937e+01 7.558593799999999874e+01 nan nan nan nan nan nan nan nan nan nan nan nan
nan 4.140625000000000000e+01 5.378125000000000000e+01 5.300000000000000000e+01 6.100000000000000000e+01 4.663281200000000126e+01 7.400000000000000000e+01 6.200000000000000000e+01 5.975000000000000000e+01 6.762500000000000000e+01 nan nan nan nan nan nan nan nan nan nan nan nan
6.191406200000000126e+01 4.900000000000000000e+01 4.531250000000000000e+01 5.312500000000000000e+01 5.600000000000000000e+01 nan 6.679687500000000000e+01 6.200000000000000000e+01 7.070312500000000000e+01 6.777343799999999874e+01 nan nan nan nan nan nan nan nan nan nan nan nan
7.265625000000000000e+01 5.312500000000000000e+01 5.158593799999999874e+01 4.946289099999999905e+01 6.492187500000000000e+01 6.242187500000000000e+01 nan 5.507812500000000000e+01 5.996093799999999874e+01 6.612500000000000000e+01 nan nan nan nan nan nan nan nan nan nan nan nan
7.700000000000000000e+01 6.500000000000000000e+01 7.192382800000000032e+01 7.400000000000000000e+01 4.921875000000000000e+01 6.694921899999999937e+01 5.137890600000000063e+01 7.975000000000000000e+01 7.470703100000000063e+01 8.022460900000000095e+01 nan nan nan nan nan nan nan nan nan nan nan nan
8.046875000000000000e+01 5.846875000000000000e+01 6.093750000000000000e+01 5.603125000000000000e+01 6.837500000000000000e+01 6.342187500000000000e+01 5.309375000000000000e+01 6.225000000000000000e+01 7.070312500000000000e+01 6.777343799999999874e+01 nan nan nan nan nan nan nan nan nan nan nan nan
6.484375000000000000e+01 7.480468799999999874e+01 6.600000000000000000e+01 8.011718799999999874e+01 5.700781200000000126e+01 6.484375000000000000e+01 4.335937500000000000e+01 6.900000000000000000e+01 8.046875000000000000e+01 7.812890600000000063e+01 nan nan nan nan nan nan nan nan nan nan nan nan
8.144531200000000126e+01 7.372460900000000095e+01 7.525000000000000000e+01 6.777343799999999874e+01 8.046875000000000000e+01 7.656250000000000000e+01 8.413085900000000095e+01 4.744921899999999937e+01 5.039648400000000095e+01 6.297265600000000063e+01 nan nan nan nan nan nan nan nan 7.132812500000000000e+01 7.656250000000000000e+01 nan nan
7.583007800000000032e+01 6.093750000000000000e+01 7.200000000000000000e+01 7.436523400000000095e+01 7.600000000000000000e+01 6.900000000000000000e+01 8.046875000000000000e+01 5.500000000000000000e+01 4.614453100000000063e+01 4.628906200000000126e+01 nan nan nan nan nan nan nan nan nan nan nan nan
7.558593799999999874e+01 7.167968799999999874e+01 7.656250000000000000e+01 6.900000000000000000e+01 7.300000000000000000e+01 5.475000000000000000e+01 8.046875000000000000e+01 6.709765600000000063e+01 5.117187500000000000e+01 4.450000000000000000e+01 nan nan nan nan nan nan nan nan nan nan nan nan
nan nan nan nan nan nan nan nan nan nan 5.149511700000000047e+01 7.340234399999999937e+01 6.191406200000000126e+01 7.430468799999999874e+01 7.450000000000000000e+01 7.776953100000000063e+01 8.046875000000000000e+01 6.643066399999999305e+01 8.675000000000000000e+01 8.046875000000000000e+01 8.632812500000000000e+01 nan
nan nan nan nan nan nan nan nan nan nan 7.265625000000000000e+01 7.800000000000000000e+01 7.265625000000000000e+01 7.400000000000000000e+01 7.225000000000000000e+01 6.400000000000000000e+01 7.133984399999999937e+01 6.484375000000000000e+01 nan 7.656250000000000000e+01 8.300000000000000000e+01 7.550000000000000000e+01
nan nan nan nan nan nan nan nan nan nan 6.193554699999999968e+01 6.905371100000000695e+01 5.503906200000000126e+01 5.019531200000000126e+01 6.000000000000000000e+01 6.679687500000000000e+01 nan 5.703125000000000000e+01 7.656250000000000000e+01 8.150000000000000000e+01 7.300000000000000000e+01 nan
nan nan nan nan nan nan nan nan nan nan 8.242187500000000000e+01 nan 6.070312500000000000e+01 4.580078100000000063e+01 5.898828100000000063e+01 5.112890600000000063e+01 5.507812500000000000e+01 6.100000000000000000e+01 7.167968799999999874e+01 6.582031200000000126e+01 6.875000000000000000e+01 7.070340000000000202e+01
nan nan nan nan nan nan nan nan nan nan 7.851562500000000000e+01 7.340234399999999937e+01 6.650000000000000000e+01 5.614453100000000063e+01 5.312500000000000000e+01 6.289062500000000000e+01 nan 6.837500000000000000e+01 7.282812500000000000e+01 6.950000000000000000e+01 6.812500000000000000e+01 5.576953100000000063e+01
nan nan nan nan nan nan nan nan nan nan 7.265625000000000000e+01 5.576953100000000063e+01 7.900390600000000063e+01 6.093750000000000000e+01 7.619628899999999305e+01 3.945312500000000000e+01 5.678710900000000095e+01 5.530859399999999937e+01 8.388671899999999937e+01 6.075000000000000000e+01 7.600000000000000000e+01 7.300000000000000000e+01
nan nan nan nan nan nan nan nan nan nan 7.802734399999999937e+01 7.114355500000000632e+01 6.875000000000000000e+01 7.338867199999999968e+01 6.900000000000000000e+01 7.265625000000000000e+01 3.922656200000000126e+01 6.096875000000000000e+01 nan 8.300000000000000000e+01 5.996093799999999874e+01 6.471679699999999968e+01
nan nan nan nan nan nan nan nan nan nan 6.220117199999999968e+01 5.625000000000000000e+01 6.300000000000000000e+01 6.438281200000000126e+01 7.200000000000000000e+01 5.600000000000000000e+01 5.800000000000000000e+01 5.108593799999999874e+01 nan 8.060156200000000126e+01 8.600000000000000000e+01 nan
nan nan nan nan nan nan nan 7.475000000000000000e+01 nan nan 8.291015600000000063e+01 nan 7.851562500000000000e+01 6.191406200000000126e+01 7.500000000000000000e+01 nan nan nan 4.604492199999999968e+01 5.019531200000000126e+01 6.685791000000000395e+01 7.085156200000000126e+01
nan nan nan nan nan nan nan 7.050000000000000000e+01 nan nan 8.217773400000000095e+01 nan 8.046875000000000000e+01 6.475781200000000126e+01 7.400000000000000000e+01 7.667187500000000000e+01 nan 7.400000000000000000e+01 5.075000000000000000e+01 4.875000000000000000e+01 6.225000000000000000e+01 5.575000000000000000e+01
nan nan nan nan nan nan nan nan nan nan 7.237500000000000000e+01 8.046875000000000000e+01 7.614062500000000000e+01 6.502197300000000268e+01 7.300000000000000000e+01 6.525000000000000000e+01 6.777343799999999874e+01 8.200000000000000000e+01 5.300000000000000000e+01 6.291796899999999937e+01 4.531250000000000000e+01 6.700000000000000000e+01
nan nan nan nan nan nan nan nan nan nan nan nan 7.949218799999999874e+01 6.467187500000000000e+01 7.363281200000000126e+01 6.887500000000000000e+01 5.900000000000000000e+01 8.120117199999999968e+01 6.675000000000000000e+01 6.599023400000000095e+01 6.240234399999999937e+01 5.361328100000000063e+01
