1.634193373935493299e-01 1.366214644389762978e-01 6.993618725097662525e-02 1.438192838647300020e-01 8.025505355898272797e-02 2.476136336469768606e-01 2.680441302099209611e-01 6.341181605714771297e-02 9.202072703070410253e-02 1.624547940419672210e-01 nan nan nan nan nan nan nan nan nan nan nan nan
2.718136272412727816e-01 2.099641619349884580e-01 1.241817997430071097e-01 1.138108950760257920e-01 2.292682995800220114e-01 1.138246036127208288e-01 1.634193373935493299e-01 8.829978385463470303e-02 2.990967076717604770e-02 2.926529690525777119e-02 nan nan nan nan 4.357751717092057109e-01 nan nan nan nan nan nan nan
1.241817997430071097e-01 7.070329522688266477e-02 5.211848776539364930e-02 5.562614353050422678e-02 8.528711756106432951e-02 7.795499955264197089e-02 6.651455309058061649e-02 1.441832964956397088e-02 2.982683737484829317e-02 1.270446777820583711e-02 3.809628615373578109e-01 nan nan 3.809628615373578109e-01 2.476136336469768606e-01 3.809628615373578109e-01 nan nan 2.476136336469768606e-01 1.607383185605434639e-01 1.438192838647300020e-01 2.099641619349884580e-01
nan 4.357751717092057109e-01 3.367230529138357520e-01 nan nan 4.357751717092057109e-01 nan 1.707693057414993720e-01 9.413839991354819303e-02 6.993618725097662525e-02 nan nan nan nan 3.809628615373578109e-01 nan nan nan nan nan nan nan
8.269473071902942729e-02 3.565112509282560710e-02 2.134406583442080563e-02 1.985439152946786787e-02 3.806828233772725778e-02 1.036398716214699672e-01 7.620004960478289624e-02 3.430251030351363917e-02 4.072096065031678008e-02 3.938820044194318165e-02 3.809628615373578109e-01 2.476136336469768606e-01 3.706415575838594156e-01 3.809628615373578109e-01 2.476136336469768606e-01 2.476136336469768606e-01 nan 3.809628615373578109e-01 1.821209058191011199e-01 2.099641619349884580e-01 2.476136336469768606e-01 1.950677444450527043e-01
4.697334734129097328e-02 2.625021977443695378e-02 1.230508915744994713e-02 2.567190464360618804e-02 2.216178679051148889e-02 6.196643210878104852e-02 3.202505247218720430e-02 2.276336319596118651e-02 3.199994744450175566e-02 3.411112661537827467e-02 3.809628615373578109e-01 1.950677444450527043e-01 2.476136336469768606e-01 2.718136272412727816e-01 1.707693057414993720e-01 3.367230529138357520e-01 2.099641619349884580e-01 3.010048489102398750e-01 7.178233962939632729e-02 5.046221317221189634e-02 1.707693057414993720e-01 3.809628615373578109e-01
4.378040450218921575e-02 3.153036118030251578e-02 1.540116553867966476e-02 2.878353996403954992e-02 1.894682569749695997e-02 4.287803174231018255e-02 3.011981140415797426e-02 1.241180707024355616e-02 1.326107741508309248e-02 1.755956030683868824e-02 1.002556688752571368e-01 1.266647029771968691e-01 8.528711756106432951e-02 2.718136272412727816e-01 2.345416470451795049e-02 4.054687942657692612e-01 1.050339641654033790e-01 1.607383185605434639e-01 6.161295179553723939e-02 3.749309578013094307e-02 5.926456918054285455e-02 1.438192838647300020e-01
3.360882298671570567e-02 3.005224982987773907e-02 1.780207858310708588e-02 2.783099359671051959e-02 1.931926132882981831e-02 4.819871777455576184e-02 2.835963067418120764e-02 1.062545637764065153e-02 1.293221467561067248e-02 1.635912893908737092e-02 2.272740130512162782e-01 1.821209058191011199e-01 8.804698498806523554e-02 3.010048489102398750e-01 3.782029158761269355e-02 1.607383185605434639e-01 nan 3.100241081412358768e-01 4.540370209318098788e-02 3.406296880046175840e-02 6.396294591176418520e-02 5.926456918054285455e-02
1.753251510978595315e-02 8.729009003126914773e-03 9.016587478569475234e-03 8.409286037911399905e-03 1.721042963984159221e-02 1.399784487137446624e-02 1.045014623343192006e-02 7.616760432680201760e-03 8.133685211795175021e-03 8.475845646906496333e-03 3.879952829333532804e-02 5.204906245765935496e-02 2.738198272323563373e-02 3.667247668133818972e-02 1.800656247820358116e-02 4.779956345754422797e-02 5.125333109467568315e-02 6.371981810987972783e-02 1.161775402261159586e-02 7.832398563875924216e-03 1.045514352690683768e-02 1.766012896009922298e-02
5.926456918054285455e-02 5.824227614607601494e-02 3.800927226561644223e-02 3.273198874896741939e-02 4.465755451156115663e-02 5.046221317221189634e-02 8.095772524958404215e-02 2.220110965943878148e-02 1.799014523789336031e-02 3.601374030949300309e-02 3.010048489102398750e-01 nan 2.272740130512162782e-01 nan 1.607383185605434639e-01 nan nan nan 2.099641619349884580e-01 9.249137837619519908e-02 1.101010667704736129e-01 2.272740130512162782e-01
1.302058041154701903e-02 1.588666776540421585e-02 7.607433738008025602e-03 6.930624348888271384e-03 1.776421951874029501e-02 2.011405059680180032e-02 1.324130968453163595e-02 1.074047305336459091e-02 1.193654204601202369e-02 1.264857009949425272e-02 4.005013642418318864e-02 3.707824831853138992e-02 3.165195574759144953e-02 3.128745044919565427e-02 3.150107911942352096e-02 5.114275264141209670e-02 3.403070167355601999e-02 4.190298991790612076e-02 2.148639027516188738e-02 1.247116015728212679e-02 2.013934328564293691e-02 1.985439152946786787e-02
3.305488974097820637e-02 2.044370887989909250e-02 1.788050144656255780e-02 2.214640282468811894e-02 2.755447331210900824e-02 4.064928192251297812e-02 4.255928704121114681e-02 2.110552066329854023e-02 2.794360680741682021e-02 2.659393820998637303e-02 7.372847625073611355e-02 1.438192838647300020e-01 8.528711756106432951e-02 8.804698498806523554e-02 1.002556688752571368e-01 1.607383185605434639e-01 1.187712532832855272e-01 1.607383185605434639e-01 8.724109663016892113e-02 6.993618725097662525e-02 6.993618725097662525e-02 4.697334734129097328e-02
5.398493404036289189e-02 6.055456226638370604e-02 3.198497309577319481e-02 2.745336751230633213e-02 5.110323636750067899e-02 6.675130932150720453e-02 4.761345073695705254e-02 2.972310757845804743e-02 4.153246981295196510e-02 3.414092960495380968e-02 3.010048489102398750e-01 1.187712532832855272e-01 2.099641619349884580e-01 nan 2.518895579304359922e-01 2.476136336469768606e-01 8.804698498806523554e-02 1.716893028953822009e-01 9.099106753621995225e-02 7.372847625073611355e-02 1.607383185605434639e-01 1.909609249328599601e-01
5.960425793455402521e-02 4.588360701955442739e-02 4.138338306916404530e-02 2.522670303008160003e-02 4.551623753837206326e-02 7.642623018775016042e-02 5.348882513780243292e-02 3.852935967026805547e-02 2.235171754958111337e-02 2.719858063434689444e-02 nan nan nan nan 1.821209058191011199e-01 nan nan nan nan nan nan nan
5.804965026304164180e-03 1.175899220200517410e-02 6.670629501444294909e-03 1.270965821760768576e-02 1.122675910803890877e-02 1.305519243459471630e-02 8.077039167726405081e-03 9.811751238124433866e-03 1.245379923429088855e-02 1.293962420786543173e-02 2.159014187272033716e-02 3.063696724887973732e-02 2.248358870670960283e-02 4.900560263986489945e-02 2.170515216589492119e-02 4.255928704121114681e-02 4.064928192251297812e-02 3.890329799514016806e-02 1.789277396782227095e-02 1.786689192527241704e-02 2.458756591851142190e-02 4.566736689216694539e-02
3.064845240177670530e-02 2.365910867693052713e-02 4.001591717895107425e-02 2.405031090336041261e-02 2.600707257042838075e-02 2.821793990428036331e-02 2.292581826518759122e-02 1.613532236649155988e-02 1.431685028784534033e-02 1.716102057960271904e-02 3.367230529138357520e-01 3.809628615373578109e-01 3.809628615373578109e-01 3.010048489102398750e-01 3.010048489102398750e-01 nan nan 3.809628615373578109e-01 nan nan 3.809628615373578109e-01 3.367230529138357520e-01
2.447638690113628987e-02 3.777365022588601712e-02 2.235553318727892189e-02 2.304155833700883421e-02 2.149104658357999312e-02 3.495461045478834988e-02 2.838961043668508655e-02 1.350786725735453331e-02 2.416618866607939467e-02 1.741645990920472065e-02 3.010048489102398750e-01 nan 2.099641619349884580e-01 3.809628615373578109e-01 1.438192838647300020e-01 4.357751717092057109e-01 2.718136272412727816e-01 nan 3.367230529138357520e-01 1.950677444450527043e-01 3.367230529138357520e-01 2.099641619349884580e-01
2.150302444153437062e-02 2.982209694707171899e-02 2.748184216687552667e-02 3.050632641577172288e-02 2.824078061059520986e-02 3.964014183271619141e-02 2.199948664063516163e-02 1.789346235617418276e-02 2.224496143704864787e-02 2.185209849479806399e-02 1.438192838647300020e-01 1.607383185605434639e-01 1.138108950760257920e-01 9.461173438475908859e-02 9.099106753621995225e-02 3.367230529138357520e-01 3.809628615373578109e-01 3.010048489102398750e-01 5.141689235103350658e-02 7.473943272399249937e-02 8.960801800303427878e-02 8.269473071902942729e-02
4.905696060223066479e-02 3.152101445139341568e-02 2.963558939336372391e-02 2.599589923355719034e-02 3.034344471800926035e-02 4.796607167963845564e-02 3.031394749582416379e-02 2.197593567784419943e-02 3.433538142072006111e-02 3.900149218808847407e-02 3.360545398063378986e-02 5.483703476185666087e-02 3.240704792802689971e-02 6.649901325323033519e-02 3.150107911942352096e-02 1.101010667704736129e-01 9.735229201872330762e-02 7.066685925335798590e-02 1.336092633562415144e-01 4.221611864917342027e-02 1.101010667704736129e-01 1.416899571303845695e-01
6.838280060756897483e-02 5.839444438505580343e-02 7.343197689498705272e-02 3.671083260309316448e-02 4.950430957069048427e-02 9.148343592970036020e-02 2.537237538239094092e-02 1.917154505013169211e-02 1.100583132905325924e-02 2.268913662791326169e-02 3.809628615373578109e-01 3.010048489102398750e-01 3.809628615373578109e-01 nan 1.438192838647300020e-01 3.809628615373578109e-01 nan 3.010048489102398750e-01 1.607383185605434639e-01 1.607383185605434639e-01 1.301063895550240157e-01 3.367230529138357520e-01
4.094689409362337745e-02 2.850847443325194019e-02 3.082315736292324387e-02 2.714681179602894748e-02 2.882920378527841984e-02 4.098831896126844260e-02 2.617791193520722232e-02 1.188569424316751610e-02 1.784446984238374084e-02 1.616633304656600947e-02 2.092492998847527222e-02 7.202177255334450690e-02 2.159014187272033716e-02 3.835415345852061231e-02 1.545034144056191446e-02 7.811730168805917918e-02 4.330711346702366404e-02 9.473923642715234572e-02 5.451055713762444077e-02 3.015266777627200259e-02 6.445731531462559061e-02 4.067888538908195212e-02
2.897699890284381047e-02 2.083723474319119223e-02 2.355042522966252494e-02 1.936772209203927592e-02 1.831194098089682434e-02 1.578716292451785158e-02 1.650526619622218888e-02 1.596777046339428394e-02 2.331008378836322767e-02 1.577143227668078435e-02 3.180004776042730935e-02 2.451230669898002770e-02 3.408628943605442746e-02 3.772951161408528292e-02 2.345416470451795049e-02 9.099106753621995225e-02 4.465755451156115663e-02 2.286201847996058648e-02 1.187006354263727970e-01 6.051721362536027077e-02 9.709845324768795471e-02 1.821209058191011199e-01
1.780580936142196757e-02 1.094745163601558956e-02 8.875425477068753580e-03 1.875272968591160105e-02 1.033089191606950154e-02 7.916055551943475266e-03 1.359947968055739628e-02 7.306749040345696805e-03 8.739673966796597526e-03 8.154937642900671191e-03 5.800004246110418427e-02 7.902786052571696140e-02 1.092469815160791446e-01 6.818251567999551732e-02 8.804698498806523554e-02 8.267679067323063791e-02 1.427382037379460178e-01 1.241817997430071097e-01 1.187712532832855272e-01 1.187664676456226392e-01 1.033367418590916131e-01 9.751072495546907193e-02
2.514743472414984402e-02 2.395754775695209046e-02 2.155162439449769332e-02 2.270548237490075533e-02 2.445174342133992970e-02 3.245294060520256818e-02 2.531393717431510565e-02 1.658843103030433960e-02 2.254741404726142220e-02 2.138674161099991464e-02 5.444309699793715290e-02 5.619094402162870538e-02 3.336632301821514796e-02 5.703814636095271007e-02 2.209293209175036687e-02 9.743561615546782184e-02 8.514245379210870490e-02 7.222077848090326102e-02 7.528373941193088059e-02 3.346386474504255137e-02 6.169746587595230369e-02 4.626983894334041336e-02
2.149546174496765050e-01 1.266647029771968691e-01 1.078310912672267169e-01 8.956739854416750912e-02 7.372847625073611355e-02 3.010048489102398750e-01 2.022694440619842438e-01 9.202072703070410253e-02 5.451055713762444077e-02 1.518121915780855369e-01 nan nan nan nan 3.809628615373578109e-01 nan nan nan nan nan nan nan
2.777769842767804226e-02 3.081786827912265381e-02 2.360634533964271406e-02 2.687360386600636669e-02 2.573215920320507180e-02 3.420457766622993917e-02 2.809918219081722346e-02 2.060121070540304328e-02 2.488335827183850782e-02 2.642957704514140721e-02 1.292361684748479511e-01 9.838694998581211382e-02 9.153481410527454509e-02 8.634270201166974190e-02 8.577583189587693890e-02 1.071632193066655581e-01 1.294422474713236015e-01 8.267679067323063791e-02 8.560573644002295035e-02 7.703119991010790035e-02 9.116559747187613638e-02 1.170706416139027928e-01
3.123851497662492524e-02 2.920093110361737104e-02 2.082609530733111822e-02 2.564864403082801197e-02 2.649309257102987897e-02 3.460327786669398914e-02 2.447430836773314272e-02 1.849545227367354813e-02 2.863421219149010419e-02 3.130276314335364574e-02 3.338909251810978640e-02 9.099106753621995225e-02 4.584202103821316543e-02 5.405948268385450672e-02 7.258433282747420168e-02 2.718136272412727816e-01 1.138246036127208288e-01 1.175635168385471691e-01 7.059649734521775133e-02 5.049026689423472686e-02 6.348438127802136233e-02 1.141314857630818108e-01
8.684866052210353515e-03 9.845051967046308111e-03 6.250007409833622032e-03 9.574860112373576732e-03 8.059376464305344212e-03 1.295909251105805716e-02 9.150796137266310401e-03 7.970524156609338010e-03 1.096213776719033237e-02 1.159144610461961336e-02 7.266670013667184819e-03 3.435686423570492171e-02 1.600252176104113508e-02 2.543012832343371707e-02 2.207314083914582031e-02 6.993323188141792324e-02 2.613469273857068828e-02 1.695989294628177935e-02 1.387582705614316854e-02 1.504041188630562444e-02 2.245106003569379005e-02 4.056929651556349242e-02
1.694004412228293163e-02 2.093546059437025736e-02 1.759844126638773418e-02 1.779827343626465622e-02 1.608281056079075705e-02 2.522447344938906835e-02 1.585965742884706126e-02 1.242553858914842262e-02 1.481002276672310075e-02 1.506028311613525662e-02 1.911954285204167658e-02 4.375422575211879161e-02 2.902434785698496111e-02 3.371779467200203967e-02 3.201424592808253811e-02 6.332279426040209047e-02 3.011981140415797426e-02 3.440269984035656398e-02 4.618560217962452974e-02 2.428262861299396863e-02 3.619943526916905019e-02 2.694338315274890164e-02
1.681014497113520259e-02 1.337337411112253169e-02 1.340837967941908848e-02 1.124124952557282488e-02 1.247929832504218739e-02 1.736705239820425864e-02 1.389538463444446419e-02 9.540242878718250066e-03 1.241382110817569086e-02 1.278402299030557965e-02 2.290522151087815220e-02 3.973104879224759189e-02 1.737777877355489720e-02 2.640277697974307072e-02 1.028607357658908525e-02 6.009111647490360253e-02 3.293599936738512285e-02 3.209049220831049903e-02 4.591332415544599477e-02 2.198665102710611538e-02 2.474429544764735617e-02 1.921520623090556407e-02
1.697876168769302946e-02 2.381408518826918716e-02 1.780279281584214168e-02 2.187622854805012021e-02 1.499801433932678070e-02 2.850847443325194019e-02 1.089965429661817094e-02 1.704685841070278582e-02 2.390415390348060026e-02 2.148746667669360760e-02 2.738198272323563373e-02 2.864809771830862523e-02 2.762884912147512556e-02 2.555889261608405502e-02 2.427998719714642706e-02 4.697334734129097328e-02 4.330711346702366404e-02 2.519428981735926873e-02 6.424182846721346318e-02 3.511282462679605337e-02 6.464072182609714723e-02 6.396294591176418520e-02
2.888039395613102578e-02 1.562221243827619822e-02 1.819037291954640756e-02 1.490092932096859397e-02 1.287901254637125598e-02 1.570277003336729635e-02 9.854564652704801350e-03 1.273255085783715941e-02 1.334820395986307563e-02 1.251111199393124818e-02 6.275496305378477913e-02 6.396294591176418520e-02 2.807021729066216248e-02 4.318340085757815805e-02 2.593637847056292842e-02 8.095772524958404215e-02 6.993618725097662525e-02 5.942930443092693527e-02 6.481329554911197111e-02 2.973354089735897460e-02 5.240836858943999366e-02 6.993618725097662525e-02
2.823894155993408178e-02 4.792414892632989448e-02 3.449036519160557368e-02 3.976792871170815868e-02 3.313972687235297587e-02 4.970321080734627778e-02 1.224626678967809419e-02 3.415007070228114061e-02 4.008804683232519706e-02 4.604623691738918279e-02 1.366214644389762978e-01 2.022694440619842438e-01 1.301063895550240157e-01 1.438192838647300020e-01 9.099106753621995225e-02 1.220766011909298066e-01 3.367230529138357520e-01 1.011329912472971743e-01 9.547832642918085977e-02 5.642908971794256129e-02 1.634193373935493299e-01 2.476136336469768606e-01
1.456047873575638980e-02 1.838825707761976985e-02 1.369171353188387667e-02 1.553758904576999118e-02 1.474317342638099826e-02 1.899910064623656220e-02 1.114458046091204926e-02 1.351202617969020532e-02 1.837487601140151694e-02 1.878290911989330056e-02 2.697997326462050344e-02 2.473549521375614790e-02 3.751494489954836087e-02 3.083752879881148171e-02 4.118766742468921854e-02 5.549514872503699681e-02 3.035936637521580855e-02 2.496278489527792299e-02 3.257799113497296395e-02 1.454180068623691681e-02 3.693614602642914663e-02 2.714270097393569475e-02
1.726159728103840441e-02 1.061147677138008991e-02 9.825033137986712711e-03 8.474082720192552265e-03 1.044044875816770197e-02 1.119099436435736644e-02 1.724826547224468654e-02 6.482566596179825495e-03 5.883234346284742407e-03 7.570561744276125063e-03 4.566736689216694539e-02 9.099106753621995225e-02 3.058305405346752048e-02 6.196643210878104852e-02 1.741489868678988001e-02 1.438192838647300020e-01 7.178233962939632729e-02 5.800004246110418427e-02 2.258480177680777246e-02 1.632419163718777655e-02 2.038443400712904377e-02 3.667247668133818972e-02
4.169096634077254504e-02 3.734166861314636154e-02 7.227997898020679414e-03 1.601566455375671646e-02 2.610200635478001144e-02 2.895340904212826555e-02 6.341181605714771297e-02 2.417836282841931417e-02 2.616184996737425106e-02 2.757436333484892393e-02 3.582558740493173299e-02 6.818251567999551732e-02 5.926456918054285455e-02 1.707693057414993720e-01 3.782029158761269355e-02 1.950677444450527043e-01 6.993618725097662525e-02 1.366214644389762978e-01 5.739496679829010628e-02 4.275466154732388696e-02 3.630427963693894783e-02 6.649901325323033519e-02
nan nan nan nan nan 4.357751717092057109e-01 nan nan 3.010048489102398750e-01 nan nan 2.860064807222964522e-01 2.476136336469768606e-01 nan 1.092469815160791446e-01 4.357751717092057109e-01 4.357751717092057109e-01 2.272740130512162782e-01 2.272740130512162782e-01 7.178233962939632729e-02 1.707693057414993720e-01 2.476136336469768606e-01
3.809628615373578109e-01 nan 2.272740130512162782e-01 nan 3.010048489102398750e-01 1.950677444450527043e-01 nan 1.011329912472971743e-01 9.413839991354819303e-02 2.476136336469768606e-01 1.438192838647300020e-01 1.607383185605434639e-01 6.651455309058061649e-02 1.138108950760257920e-01 4.190298991790612076e-02 1.427382037379460178e-01 nan 7.372847625073611355e-02 9.426094566051666790e-02 5.089999391921380678e-02 7.381386409572406049e-02 1.677833628221960804e-01
3.010048489102398750e-01 nan 1.438192838647300020e-01 nan 6.993618725097662525e-02 3.010048489102398750e-01 nan 6.341181605714771297e-02 2.476136336469768606e-01 1.607383185605434639e-01 7.578293353312501313e-02 9.099106753621995225e-02 6.058541740160328093e-02 1.011329912472971743e-01 6.073358934191921271e-02 4.739898227980527540e-02 1.101010667704736129e-01 5.046221317221189634e-02 4.505352495903713894e-02 2.108736051251241042e-02 3.641854936695916589e-02 5.031183283595132283e-02
nan nan nan nan nan 3.809628615373578109e-01 nan nan nan nan nan 2.272740130512162782e-01 1.187712532832855272e-01 nan 9.099106753621995225e-02 2.718136272412727816e-01 nan 1.707693057414993720e-01 1.607383185605434639e-01 3.582558740493173299e-02 1.187712532832855272e-01 1.607383185605434639e-01
1.438192838647300020e-01 2.854174148212371698e-01 1.011329912472971743e-01 nan 1.821209058191011199e-01 2.099641619349884580e-01 nan 7.372847625073611355e-02 7.795499955264197089e-02 1.092469815160791446e-01 7.303712871923659367e-02 4.543871228202504137e-02 3.912600566370943306e-02 7.123448616427258129e-02 1.171798747369008978e-02 5.152506570051185869e-02 1.762934685015536962e-01 4.625327366858911216e-02 6.382380235352710929e-02 4.154807571371092745e-02 3.688157705307435613e-02 6.135519128079991447e-02
1.518121915780855369e-01 7.178233962939632729e-02 7.721008157878381239e-02 6.341181605714771297e-02 1.821209058191011199e-01 1.301063895550240157e-01 1.752074653023268369e-01 3.806828233772725778e-02 5.633256425676114870e-02 1.607383185605434639e-01 2.988793637717554463e-02 4.900560263986489945e-02 2.189054374277389983e-02 2.727056246287335242e-02 1.917229107681217570e-02 7.333088028466883124e-02 7.795499955264197089e-02 2.958397607402428811e-02 3.923357373722475422e-02 3.367177211965045880e-02 3.502615410411553248e-02 4.109375279730734243e-02
8.269473071902942729e-02 1.050339641654033790e-01 9.202072703070410253e-02 7.178233962939632729e-02 5.678831278518709641e-02 8.093307493842263889e-02 1.567291602692535424e-01 2.286201847996058648e-02 6.196643210878104852e-02 5.678831278518709641e-02 1.824164772139802090e-02 2.029948116902087138e-02 1.494432690386865090e-02 2.475345834283280283e-02 7.037324081935671972e-03 2.066135080950245312e-02 3.058305405346752048e-02 1.181996547951188678e-02 2.555278244411125776e-02 1.589859272746613553e-02 1.619291752946400847e-02 2.296810326736973759e-02
1.187712532832855272e-01 8.269473071902942729e-02 4.190298991790612076e-02 3.535935129616483985e-02 4.064928192251297812e-02 6.651455309058061649e-02 2.016226006676273275e-01 1.423580187599807548e-02 3.319903930511520357e-02 7.222516934035150271e-02 2.147996540425733264e-02 2.296117206334097327e-02 1.238393673551683831e-02 1.359084813247648724e-02 4.541576026703627450e-03 2.365707671294661057e-02 2.512332579192518359e-02 1.288869055486540835e-02 1.545704992890870565e-02 1.291801410438581446e-02 9.451663611006827503e-03 1.797596960006975567e-02
3.058305405346752048e-02 2.567042322816956781e-02 1.759995835105609280e-02 1.990007549759210612e-02 1.618686854700101055e-02 5.451055713762444077e-02 4.465755451156115663e-02 6.269056648556043353e-03 1.710414950046749982e-02 3.011567842575749859e-02 9.781303381813280517e-03 8.208070140434077164e-03 6.728532210510947825e-03 9.806431939497418232e-03 3.682299216895726628e-03 1.445002397576639584e-02 2.959628078928993114e-02 1.022557783962236774e-02 7.707181717089841948e-03 7.838412116372253310e-03 8.023359705420897783e-03 9.594699730813916264e-03
2.854174148212371698e-01 nan 1.821209058191011199e-01 1.950677444450527043e-01 3.010048489102398750e-01 4.900560263986489945e-02 1.134640729517635560e-01 6.993618725097662525e-02 2.099641619349884580e-01 1.301063895550240157e-01 4.445595535365418766e-02 5.371694878046719829e-02 3.020524714673638103e-02 4.195287478935207787e-02 2.403541181981533673e-02 8.269473071902942729e-02 5.240836858943999366e-02 4.064928192251297812e-02 2.023060356123840275e-02 2.418304079851195734e-02 1.823473716934094838e-02 3.202987385085973721e-02
4.900560263986489945e-02 4.697334734129097328e-02 3.319903930511520357e-02 3.279826424941585661e-02 1.571854850877967349e-02 8.269473071902942729e-02 4.064928192251297812e-02 1.221096368663560951e-02 3.877717801244029427e-02 2.316574799557675340e-02 1.058356195921949724e-02 9.837530849931091365e-03 6.820835672798651779e-03 1.325164644475522804e-02 5.365864128087287008e-03 2.116739834920409666e-02 2.268664958576493973e-02 9.065296125517980155e-03 1.781607063021146270e-02 1.357963739508847786e-02 1.333399394437901134e-02 1.532624006326341153e-02
3.010048489102398750e-01 2.272740130512162782e-01 1.607383185605434639e-01 1.518121915780855369e-01 nan 3.809628615373578109e-01 9.461173438475908859e-02 4.617519533630786571e-02 1.707693057414993720e-01 1.138108950760257920e-01 4.865534952446597117e-02 4.697334734129097328e-02 2.258303943997515620e-02 2.807021729066216248e-02 1.486624191993484237e-02 6.492617232672384664e-02 7.178233962939632729e-02 2.805638995895178012e-02 4.586088903179297988e-02 2.755920526280462163e-02 2.790860024912771367e-02 3.214130894248723447e-02
2.476136336469768606e-01 1.607383185605434639e-01 3.010048489102398750e-01 3.010048489102398750e-01 9.099106753621995225e-02 3.809628615373578109e-01 1.950677444450527043e-01 7.835421151132780648e-02 1.212062626961717127e-01 9.099106753621995225e-02 4.067888538908195212e-02 3.403070167355601999e-02 2.365842186166415215e-02 3.065497162288519789e-02 2.572973705630701019e-02 6.299860129967234379e-02 8.461131871741371657e-02 2.807021729066216248e-02 5.393099958286476370e-02 3.741588934059233290e-02 4.776178392825733421e-02 5.341927361191382145e-02
8.528711756106432951e-02 1.366214644389762978e-01 2.958397607402428811e-02 1.187712532832855272e-01 5.240836858943999366e-02 1.518121915780855369e-01 1.138246036127208288e-01 1.301063895550240157e-01 5.800004246110418427e-02 5.204906245765935496e-02 2.394932893170318919e-02 2.599819907296089735e-02 2.872815600454432794e-02 5.460193625442449905e-02 1.815989772359897364e-02 2.880637210449048941e-02 7.184461158028486449e-02 2.551230671167150146e-02 5.395571123703507554e-02 2.558899385339425889e-02 2.379703395693462398e-02 3.714084494113366330e-02
1.956835152164795172e-02 3.446235251818552392e-02 1.590258673801180772e-02 4.393552429673515392e-02 1.213683447889803840e-02 3.627548638907752282e-02 1.310830171827207825e-02 2.834916313443726701e-02 4.619617863406449282e-02 2.472660232806882588e-02 8.975857736523831787e-03 9.403828486097951314e-03 5.766474218131391154e-03 9.105594121174695119e-03 8.060406760666041434e-03 1.110633398007412377e-02 1.525260697425223633e-02 6.296351749481928287e-03 1.418534745653354107e-02 9.666590588842590218e-03 1.347186440892697047e-02 1.475632054083499470e-02
1.950677444450527043e-01 1.438192838647300020e-01 9.413839991354819303e-02 6.818251567999551732e-02 1.707693057414993720e-01 1.808236316043189407e-01 2.243068117006538353e-01 1.187712532832855272e-01 7.795499955264197089e-02 8.982233729126017086e-02 4.642555405584757738e-02 3.451881377383952260e-02 2.659998307849379545e-02 2.283312398306363081e-02 1.287913310485471266e-02 2.046241255501220560e-02 3.955726425453875289e-02 1.761410055097136287e-02 2.877226475033076158e-02 1.555395835270672981e-02 1.337026083072606619e-02 1.362792470347548579e-02
3.809628615373578109e-01 1.950677444450527043e-01 1.518121915780855369e-01 8.269473071902942729e-02 3.010048489102398750e-01 4.357751717092057109e-01 3.383866303536623432e-01 3.367230529138357520e-01 1.821209058191011199e-01 9.413839991354819303e-02 1.242479106135586063e-02 2.575259782124764141e-02 7.597476984784254719e-03 2.493530642369044467e-02 1.533338953156343672e-02 3.368765872981865223e-02 4.345338561551784912e-02 2.545087461920747529e-02 2.320621723499396646e-02 1.892016509255926848e-02 1.950198045750569861e-02 2.914298132896149182e-02
9.202072703070410253e-02 8.095772524958404215e-02 3.701031985756753767e-02 8.804698498806523554e-02 2.694338315274890164e-02 2.272740130512162782e-01 6.058541740160328093e-02 4.162070696796544428e-02 4.918422432937782918e-02 3.514262302325706772e-02 1.371336940143397243e-02 1.761678846099259260e-02 1.018763025188577052e-02 2.167600887067947305e-02 1.698681810488000474e-02 2.138522809146701370e-02 3.442908200686612546e-02 1.459436857780875736e-02 2.968561536244572821e-02 1.977688780512859915e-02 1.979367757174784262e-02 2.204156728808987289e-02
4.501856960448569894e-02 4.416546396709765399e-02 4.117871162286437792e-02 5.759356164362683383e-02 7.197429424819676291e-02 1.518121915780855369e-01 5.473895128659005821e-02 1.215747174679710635e-01 6.532608107162102273e-02 1.501510776692969451e-01 2.975185407431643961e-02 3.213743872550683944e-02 2.765215785955004932e-02 3.331984542268948829e-02 2.275234218326172703e-02 2.835989154855864808e-02 4.747974084758801311e-02 2.351549556051704334e-02 4.409430531018030536e-02 2.750720757876634961e-02 3.406314679252572114e-02 3.720767311043826631e-02
2.099641619349884580e-01 2.476136336469768606e-01 1.383195241321927282e-01 1.092469815160791446e-01 1.011329912472971743e-01 4.357751717092057109e-01 1.821209058191011199e-01 1.950677444450527043e-01 1.187712532832855272e-01 1.383195241321927282e-01 8.508659729742605593e-02 3.335873651545181312e-02 5.686528811096749902e-02 4.064928192251297812e-02 3.266106792921145974e-02 3.197885862423342079e-02 5.839444438505580343e-02 2.226099653240570797e-02 4.544697866668129943e-02 3.459649358931465857e-02 2.306521398929765182e-02 1.696092497071920169e-02
2.716000839041429749e-02 4.697334734129097328e-02 2.029948116902087138e-02 4.393552429673515392e-02 2.108736051251241042e-02 9.735229201872330762e-02 2.474246000747050422e-02 5.800004246110418427e-02 7.930844868213399179e-02 6.316761939062687237e-02 2.777114875203955807e-02 3.132605959510339350e-02 2.437864948270422258e-02 3.010550793507758838e-02 1.711525019848031751e-02 2.449309024176230670e-02 3.395056482767551398e-02 1.908965570042069765e-02 2.715569669946586717e-02 2.277359291348109160e-02 1.927029415343350580e-02 2.105797092769624151e-02
5.459158741378433016e-02 5.286986742212123475e-02 4.761345073695705254e-02 5.981101262593894324e-02 7.547386846364541324e-02 3.367230529138357520e-01 4.323646122512495027e-02 7.715033169938549651e-02 1.126702300545736474e-01 1.821209058191011199e-01 3.019653309624017318e-02 1.817670429689736272e-02 2.340594604484977706e-02 2.308469552049249168e-02 1.565373110890688757e-02 1.063788865968597931e-02 3.611623789771221948e-02 1.589348235156212708e-02 3.647226188362296534e-02 2.141812754662774515e-02 2.653528977621918278e-02 1.500706668293141574e-02
3.782029158761269355e-02 5.240836858943999366e-02 4.255928704121114681e-02 6.196643210878104852e-02 2.904353218353034755e-02 1.138108950760257920e-01 1.151922074051505915e-02 2.718136272412727816e-01 4.954232101127743065e-02 6.924412100773102985e-02 1.171854732696311040e-02 1.871687385093335695e-02 9.268089385205610653e-03 6.348352695723565378e-03 6.486986279053389912e-03 1.321798273795471435e-02 7.886063563209517666e-03 1.064916603527261106e-02 5.182748523477459339e-03 1.118741002054637716e-02 9.479579577967117004e-03 1.007393094032704717e-02
4.824820317909421508e-02 8.745132125400703615e-02 2.512332579192518359e-02 3.159027052221140275e-02 7.988529210529973779e-02 1.687812364194843928e-01 4.548608369864610285e-02 2.864809771830862523e-02 3.924961560957435786e-02 4.881604879987959389e-02 2.059451319568225344e-02 2.455042198944354034e-02 1.819221351553395108e-02 2.457159041261370094e-02 1.689438505978002603e-02 2.657496145592591619e-02 3.926434100690638640e-02 2.178815052239548369e-02 2.134197698271441887e-02 2.046328678194698353e-02 2.116087843985234654e-02 2.531976457757824719e-02
3.809628615373578109e-01 nan nan nan 2.718136272412727816e-01 nan 2.854174148212371698e-01 nan nan nan 2.099641619349884580e-01 2.476136336469768606e-01 2.476136336469768606e-01 2.476136336469768606e-01 1.951176648469639396e-01 1.266647029771968691e-01 3.010048489102398750e-01 1.438192838647300020e-01 3.809628615373578109e-01 2.395078476917590904e-01 2.718136272412727816e-01 2.149546174496765050e-01
3.535935129616483985e-02 1.091757367213455204e-01 3.025662194748576436e-02 2.365842186166415215e-02 3.782029158761269355e-02 1.607383185605434639e-01 3.582558740493173299e-02 5.321427556814714577e-02 8.957619597988361604e-02 9.186184921228886247e-02 2.091849895797563003e-02 2.360558699912394809e-02 1.858642324089697373e-02 2.899354819507101930e-02 2.003170512820047836e-02 3.730579290265482323e-02 4.951902501083471630e-02 2.330145895314530285e-02 3.254597927705933647e-02 2.623733944753771363e-02 2.979425845388085012e-02 3.262798545790460136e-02
3.165195574759144953e-02 2.970436289693949641e-02 3.003181850590709578e-02 4.699417199398893408e-02 2.895340904212826555e-02 1.241817997430071097e-01 3.413278391221396396e-02 5.655214565024236500e-02 8.891274852062387712e-02 7.119596942460468258e-02 2.411146445435643007e-02 2.469895216218744027e-02 1.879439980878855332e-02 2.833401933945610060e-02 1.841946538703862629e-02 2.818564869676277659e-02 4.511880946769426803e-02 2.038548187626678873e-02 2.874421943286518955e-02 2.291111153200363348e-02 2.984957739452774594e-02 2.880122475510778907e-02
1.922840822338145114e-02 3.413278391221396396e-02 1.634100592985980593e-02 7.256013979545650194e-02 1.066712694907453324e-02 4.533253785613252512e-02 2.097741072421339600e-02 4.024349333398336004e-02 3.147665973961336072e-02 4.289647857578952200e-02 4.940629838083698128e-03 8.550125813376607820e-03 5.252289698280600272e-03 7.444051935227452045e-03 5.774995019636786769e-03 1.016340091369589797e-02 1.446542645075103370e-02 5.885884870455213198e-03 1.082648297912058681e-02 9.940839731103117208e-03 1.012562009705383730e-02 1.125861470317403822e-02
1.125487279440249254e-02 3.397900348675816223e-02 2.270670870978238817e-02 2.737081441614656885e-02 2.891517123947699025e-02 7.721008157878381239e-02 1.162572366853921804e-02 2.872669990308960794e-02 3.435686423570492171e-02 2.473549521375614790e-02 1.255969947089763394e-02 1.394249238554663185e-02 1.375260456183372698e-02 1.801762737329577063e-02 1.233537232624945870e-02 1.718146251829863816e-02 3.139088689623264344e-02 1.552312843176432110e-02 1.738998960468044960e-02 1.215249626289478281e-02 1.548273663524563776e-02 1.473047717104620895e-02
2.256764048706521794e-02 2.181283744746281145e-02 1.230476330336088484e-02 1.742629721233202381e-02 2.646012581889542817e-02 7.343254365649237725e-02 2.350362816007343925e-02 1.536976548244030870e-02 3.699535610843922989e-02 4.612170700625252417e-02 1.233569613811254413e-02 1.522943333085562644e-02 1.038502321477121834e-02 1.326661874567245346e-02 9.373054724208769797e-03 1.461205618843489443e-02 2.155440159314101281e-02 1.126715869010164010e-02 1.480914679767177111e-02 1.067615919584942799e-02 1.268348037549917040e-02 1.336982120568938268e-02
3.372018178379692505e-02 4.387401993278407936e-02 1.367365693734820704e-02 2.961326233226089025e-02 4.190298991790612076e-02 1.950677444450527043e-01 3.679593377564963769e-02 2.230400314146751065e-02 3.863816658341495680e-02 1.484413976458708040e-01 1.251177633505306912e-02 9.847998316362975915e-03 1.179262810006522812e-02 1.846946053084071171e-02 1.482019971474454918e-02 1.204252217695557514e-02 2.370129642438239398e-02 1.134374090185132598e-02 2.325668268665464708e-02 1.650199700547449674e-02 2.002185511837246273e-02 1.850293492517521982e-02
3.903214289712348545e-02 6.924412100773102985e-02 2.156542971840631415e-02 2.176310570476202091e-02 1.463798034966141415e-01 1.821209058191011199e-01 8.269473071902942729e-02 1.847346611781371453e-02 4.393552429673515392e-02 1.212062626961717127e-01 1.995923149370033844e-02 9.108611706032396574e-03 1.708304517417552279e-02 1.514963219982532437e-02 1.361354018649355534e-02 6.176195492324449213e-03 1.527656424183255687e-02 9.461430555191854136e-03 2.283370020128157665e-02 1.468663570993355809e-02 9.352538819809323375e-03 1.092619162600099066e-02
6.058541740160328093e-02 6.818251567999551732e-02 2.429310935595057827e-02 2.519428981735926873e-02 1.241817997430071097e-01 2.718136272412727816e-01 1.301063895550240157e-01 3.997544459020836716e-02 9.413839991354819303e-02 2.854174148212371698e-01 2.463216033197643956e-02 2.298601740988141795e-02 2.135683836817361264e-02 3.246169464254528708e-02 2.538784330576463952e-02 2.652968515275708900e-02 3.108442659040092093e-02 2.554509942436174186e-02 4.371381647542677690e-02 3.168348471782264641e-02 3.324094694656910820e-02 3.135619222957827801e-02
2.141990539785894668e-02 5.371694878046719829e-02 3.332095518176138998e-02 6.094395921402579602e-02 2.387029844215265290e-02 5.800004246110418427e-02 2.258303943997515620e-02 2.547119326186876934e-02 2.830917889262873563e-02 2.834249224070664597e-02 1.102268185615806056e-02 1.144456320993176603e-02 1.083241185895030337e-02 1.684834936818803419e-02 1.203386679933694976e-02 1.453727909019050107e-02 1.956133508969356075e-02 9.227376914424073595e-03 2.029090587716578589e-02 1.433919629253293561e-02 1.772485291925373144e-02 1.883636457883111626e-02
5.562614353050422678e-02 5.095823150624526066e-02 2.955594084103266295e-02 2.248358870670960283e-02 2.337074175302113893e-02 4.761345073695705254e-02 8.586136998288237954e-02 5.745123103204572909e-03 2.229903283904350469e-02 2.298601740988141795e-02 1.299973145803649116e-02 1.276416500721885665e-02 1.164756125266184182e-02 1.201034380824427851e-02 6.525193342157657554e-03 9.719460562160766801e-03 2.745336751230633213e-02 9.796230907929713572e-03 9.666425689180366612e-03 8.989941920635808464e-03 1.004655940633314079e-02 9.167644509838767525e-03
2.718136272412727816e-01 2.022694440619842438e-01 7.178233962939632729e-02 3.446235251818552392e-02 1.092469815160791446e-01 1.821209058191011199e-01 2.018391833670279134e-01 2.273630388272799771e-02 7.178233962939632729e-02 6.818251567999551732e-02 3.265298641083162756e-02 2.591530203061673948e-02 2.585194230780833713e-02 2.742732257554819988e-02 1.475414402539143750e-02 3.403070167355601999e-02 3.800927226561644223e-02 4.557173259106547802e-02 5.263911670503405860e-02 3.413644001408545903e-02 3.614843647457537112e-02 3.752350894428531369e-02
