1.834277300000000110e+01 3.554687500000000000e+01 2.300000000000000000e+01 3.200000000000000000e+01 2.285156200000000126e+01 nan 2.187500000000000000e+01 4.300000000000000000e+01 3.525000000000000000e+01 nan nan nan nan nan nan nan nan nan nan nan nan nan
nan 1.400000000000000000e+01 1.429687500000000000e+01 2.190625000000000000e+01 2.000000000000000000e+01 1.900000000000000000e+01 3.885742199999999968e+01 2.900000000000000000e+01 2.400000000000000000e+01 2.975000000000000000e+01 nan nan nan nan nan nan nan nan nan nan nan nan
2.706152300000000110e+01 1.500000000000000000e+01 1.453125000000000000e+01 2.000000000000000000e+01 2.000000000000000000e+01 nan 2.500000000000000000e+01 1.900000000000000000e+01 3.847656200000000126e+01 3.179687500000000000e+01 nan nan nan nan nan nan nan nan nan nan nan nan
nan 1.800000000000000000e+01 2.190625000000000000e+01 1.992187500000000000e+01 2.868359399999999937e+01 nan nan 2.100000000000000000e+01 2.121875000000000000e+01 3.319531200000000126e+01 nan nan nan nan nan nan nan nan nan nan nan nan
2.300000000000000000e+01 2.400000000000000000e+01 2.285156200000000126e+01 2.919921899999999937e+01 1.923046899999999937e+01 1.796875000000000000e+01 2.187500000000000000e+01 3.588671899999999937e+01 3.300000000000000000e+01 3.230859399999999937e+01 nan nan nan nan nan nan nan nan nan nan nan nan
4.367968799999999874e+01 2.500000000000000000e+01 2.050000000000000000e+01 2.400000000000000000e+01 2.000000000000000000e+01 2.121875000000000000e+01 2.300000000000000000e+01 3.200000000000000000e+01 2.736718799999999874e+01 2.578125000000000000e+01 nan nan nan nan nan nan nan nan nan nan nan nan
2.578125000000000000e+01 4.197363299999999953e+01 2.558593799999999874e+01 4.181640600000000063e+01 2.578125000000000000e+01 2.187500000000000000e+01 1.406250000000000000e+01 3.050000000000000000e+01 4.531250000000000000e+01 4.775390600000000063e+01 nan nan nan nan nan nan nan nan nan nan nan nan
nan 2.487500000000000000e+01 3.394531200000000126e+01 2.400000000000000000e+01 3.500000000000000000e+01 3.600000000000000000e+01 5.137890600000000063e+01 1.700000000000000000e+01 2.089843799999999874e+01 2.300000000000000000e+01 nan nan nan nan nan nan nan nan nan 4.565625000000000000e+01 nan nan
nan 2.337500000000000000e+01 3.400000000000000000e+01 2.600000000000000000e+01 3.847656200000000126e+01 2.800000000000000000e+01 4.282812500000000000e+01 2.000000000000000000e+01 1.700000000000000000e+01 1.503906199999999949e+01 nan nan nan nan nan nan nan nan nan nan nan nan
3.142187500000000000e+01 3.182031200000000126e+01 5.117187500000000000e+01 3.000000000000000000e+01 2.900000000000000000e+01 2.300000000000000000e+01 4.995117199999999968e+01 2.700000000000000000e+01 1.700000000000000000e+01 1.600000000000000000e+01 nan nan nan nan nan nan nan nan nan nan nan nan
nan nan nan nan nan nan nan nan nan nan 1.700000000000000000e+01 2.791748000000000118e+01 2.382812500000000000e+01 3.319531200000000126e+01 3.825000000000000000e+01 3.237304699999999968e+01 2.687890600000000063e+01 2.507324200000000047e+01 3.516015600000000063e+01 3.400000000000000000e+01 4.964648400000000095e+01 nan
nan nan nan nan nan nan nan nan nan nan 3.750000000000000000e+01 2.159375000000000000e+01 3.314843799999999874e+01 nan 3.750000000000000000e+01 1.796875000000000000e+01 2.200000000000000000e+01 1.500000000000000000e+01 nan nan 5.898828100000000063e+01 nan
nan nan nan nan nan nan nan nan nan nan 2.000000000000000000e+01 3.025000000000000000e+01 1.992187500000000000e+01 2.613476599999999905e+01 2.237500000000000000e+01 2.187500000000000000e+01 nan 2.020507800000000032e+01 3.164062500000000000e+01 3.500000000000000000e+01 3.200000000000000000e+01 nan
nan nan nan nan nan nan nan nan nan nan 3.505859399999999937e+01 nan 2.578125000000000000e+01 2.187500000000000000e+01 2.287500000000000000e+01 2.100000000000000000e+01 2.699511700000000047e+01 2.805566400000000016e+01 3.505859399999999937e+01 2.662500000000000000e+01 2.773437500000000000e+01 2.600000000000000000e+01
nan nan nan nan nan nan nan nan nan nan 3.300000000000000000e+01 4.548437500000000000e+01 2.495117199999999968e+01 2.187500000000000000e+01 1.992187500000000000e+01 2.100000000000000000e+01 nan 3.400000000000000000e+01 2.800000000000000000e+01 2.675781200000000126e+01 3.389843799999999874e+01 2.750000000000000000e+01
nan nan nan nan nan nan nan nan nan nan 4.000000000000000000e+01 1.894531200000000126e+01 3.750000000000000000e+01 2.400000000000000000e+01 2.700000000000000000e+01 1.700000000000000000e+01 1.900000000000000000e+01 2.300000000000000000e+01 nan 4.018554699999999968e+01 4.367968799999999874e+01 3.505859399999999937e+01
nan nan nan nan nan nan nan nan nan nan 3.359375000000000000e+01 2.500000000000000000e+01 2.986718799999999874e+01 2.578125000000000000e+01 3.400000000000000000e+01 2.187500000000000000e+01 1.007812500000000000e+01 1.992187500000000000e+01 nan 3.505859399999999937e+01 2.675781200000000126e+01 2.200000000000000000e+01
nan nan nan nan nan nan nan nan nan nan 2.415820300000000032e+01 1.796875000000000000e+01 2.333984399999999937e+01 2.300000000000000000e+01 2.700000000000000000e+01 2.000000000000000000e+01 1.600000000000000000e+01 1.600000000000000000e+01 nan 3.300000000000000000e+01 3.464843799999999874e+01 nan
nan nan nan nan nan nan nan 3.945312500000000000e+01 nan nan nan nan 3.914794899999999700e+01 2.871093799999999874e+01 3.500000000000000000e+01 nan nan nan 1.979980499999999921e+01 2.000000000000000000e+01 2.500000000000000000e+01 2.600000000000000000e+01
nan nan nan nan nan nan nan 4.824218799999999874e+01 nan nan 3.475000000000000000e+01 nan 3.500000000000000000e+01 2.606738299999999953e+01 2.407226599999999905e+01 3.945312500000000000e+01 nan 2.200000000000000000e+01 1.992187500000000000e+01 2.187500000000000000e+01 2.400000000000000000e+01 2.500000000000000000e+01
nan nan nan nan nan nan nan nan nan nan 3.541015600000000063e+01 nan 3.200000000000000000e+01 2.909960900000000095e+01 3.500000000000000000e+01 2.578125000000000000e+01 2.932128900000000016e+01 nan 2.407226599999999905e+01 2.557031200000000126e+01 1.773437500000000000e+01 2.187500000000000000e+01
nan nan nan nan nan nan nan nan nan nan nan nan nan 2.773437500000000000e+01 4.140625000000000000e+01 2.968750000000000000e+01 1.406273799999999952e+01 nan 2.578125000000000000e+01 2.968750000000000000e+01 2.187500000000000000e+01 2.000000000000000000e+01
