4.531250000000000000e+01 8.242187500000000000e+01 6.679687500000000000e+01 8.161718799999999874e+01 6.093750000000000000e+01 nan 6.484375000000000000e+01 8.535156200000000126e+01 8.046875000000000000e+01 nan nan nan nan nan nan nan nan nan nan nan nan nan
nan 4.140625000000000000e+01 4.818164099999999905e+01 5.475000000000000000e+01 6.544921899999999937e+01 5.019531200000000126e+01 7.200000000000000000e+01 6.619921899999999937e+01 6.300000000000000000e+01 7.077734399999999937e+01 nan nan nan nan nan nan nan nan nan nan nan nan
5.848828100000000063e+01 4.367968799999999874e+01 4.335937500000000000e+01 5.312500000000000000e+01 5.675000000000000000e+01 nan 6.098437500000000000e+01 6.096875000000000000e+01 7.100000000000000000e+01 6.777343799999999874e+01 nan nan nan nan nan nan nan nan nan nan nan nan
nan 5.312500000000000000e+01 5.375000000000000000e+01 4.824218799999999874e+01 6.400000000000000000e+01 nan nan 5.378125000000000000e+01 5.983886700000000047e+01 6.700000000000000000e+01 nan nan nan nan nan nan nan nan nan nan nan nan
7.509765600000000063e+01 6.801757800000000032e+01 7.558593799999999874e+01 7.828125000000000000e+01 5.581054699999999968e+01 6.435546899999999937e+01 5.378125000000000000e+01 7.925000000000000000e+01 7.300000000000000000e+01 8.242187500000000000e+01 nan nan nan nan nan nan nan nan nan nan nan nan
8.073437500000000000e+01 6.093750000000000000e+01 6.093750000000000000e+01 5.153125000000000000e+01 6.093750000000000000e+01 5.605468799999999874e+01 5.898437500000000000e+01 6.300000000000000000e+01 6.801757800000000032e+01 7.351074199999999337e+01 nan nan nan nan nan nan nan nan nan nan nan nan
6.743750000000000000e+01 7.656250000000000000e+01 7.265625000000000000e+01 8.035156200000000126e+01 5.703125000000000000e+01 6.484375000000000000e+01 4.461816400000000016e+01 7.450000000000000000e+01 7.851562500000000000e+01 8.022460900000000095e+01 nan nan nan nan nan nan nan nan nan nan nan nan
nan 7.265625000000000000e+01 7.310839799999999400e+01 6.875000000000000000e+01 8.175000000000000000e+01 7.656250000000000000e+01 8.624609399999999937e+01 5.104296899999999937e+01 4.921875000000000000e+01 6.191406200000000126e+01 nan nan nan nan nan nan nan nan nan 7.851562500000000000e+01 nan nan
nan 6.107832499999999953e+01 7.070312500000000000e+01 7.525000000000000000e+01 7.656250000000000000e+01 7.265625000000000000e+01 8.186132800000000032e+01 5.507812500000000000e+01 4.400000000000000000e+01 4.500000000000000000e+01 nan nan nan nan nan nan nan nan nan nan nan nan
6.719335900000000095e+01 7.232812500000000000e+01 7.656250000000000000e+01 7.125976599999999905e+01 6.875000000000000000e+01 5.312500000000000000e+01 8.150000000000000000e+01 6.875000000000000000e+01 4.921875000000000000e+01 4.335937500000000000e+01 nan nan nan nan nan nan nan nan nan nan nan nan
nan nan nan nan nan nan nan nan nan nan 4.921875000000000000e+01 7.274218799999999874e+01 6.679687500000000000e+01 7.865429699999999968e+01 7.728125000000000000e+01 7.700000000000000000e+01 8.095703100000000063e+01 6.875000000000000000e+01 8.725000000000000000e+01 7.249218799999999874e+01 8.498535200000000600e+01 nan
nan nan nan nan nan nan nan nan nan nan 7.265625000000000000e+01 7.850000000000000000e+01 7.490234399999999937e+01 nan 7.300000000000000000e+01 6.293359399999999937e+01 7.043750000000000000e+01 5.367431599999999747e+01 nan nan 8.397168000000000632e+01 nan
nan nan nan nan nan nan nan nan nan nan 6.837500000000000000e+01 6.899414099999999905e+01 5.312500000000000000e+01 4.960351599999999905e+01 6.291796899999999937e+01 6.394921899999999937e+01 nan 5.701562500000000000e+01 7.143164099999999905e+01 8.187500000000000000e+01 7.300000000000000000e+01 nan
nan nan nan nan nan nan nan nan nan nan 7.851562500000000000e+01 nan 6.023437500000000000e+01 4.335937500000000000e+01 6.447753899999999305e+01 5.214843799999999874e+01 6.093750000000000000e+01 6.070312500000000000e+01 7.021484399999999937e+01 6.777343799999999874e+01 6.484375000000000000e+01 6.881250000000000000e+01
nan nan nan nan nan nan nan nan nan nan 7.998046899999999937e+01 7.640234399999999937e+01 6.600000000000000000e+01 5.056152300000000110e+01 5.312500000000000000e+01 5.703125000000000000e+01 nan 6.800000000000000000e+01 7.200000000000000000e+01 7.070312500000000000e+01 6.912500000000000000e+01 5.117187500000000000e+01
nan nan nan nan nan nan nan nan nan nan 7.973632800000000032e+01 5.356250000000000000e+01 8.097851599999999905e+01 6.972656200000000126e+01 7.583007800000000032e+01 3.945312500000000000e+01 4.726562500000000000e+01 5.898437500000000000e+01 nan 6.997070300000000032e+01 7.509765600000000063e+01 7.300000000000000000e+01
nan nan nan nan nan nan nan nan nan nan 7.851562500000000000e+01 6.600000000000000000e+01 6.442187500000000000e+01 7.216796899999999937e+01 7.350000000000000000e+01 7.045898400000000095e+01 4.020312500000000000e+01 6.095312500000000000e+01 nan 8.161718799999999874e+01 6.215820300000000032e+01 6.826185200000000464e+01
nan nan nan nan nan nan nan nan nan nan 6.264648400000000095e+01 5.637500000000000000e+01 6.700000000000000000e+01 6.100000000000000000e+01 7.070312500000000000e+01 5.700000000000000000e+01 5.019531200000000126e+01 5.000000000000000000e+01 nan 8.236718799999999874e+01 8.614502000000000237e+01 nan
nan nan nan nan nan nan nan 7.691308600000000695e+01 nan nan nan nan 7.851171899999999937e+01 6.050000000000000000e+01 7.500000000000000000e+01 nan nan nan 4.726562500000000000e+01 4.921875000000000000e+01 6.777343799999999874e+01 6.875000000000000000e+01
nan nan nan nan nan nan nan 5.518359399999999937e+01 nan nan 8.425000000000000000e+01 nan 8.217773400000000095e+01 6.561523400000000095e+01 7.300000000000000000e+01 7.200000000000000000e+01 nan 7.350000000000000000e+01 4.916406200000000126e+01 4.738281200000000126e+01 6.093776700000000091e+01 5.562500000000000000e+01
nan nan nan nan nan nan nan nan nan nan 7.526855500000000632e+01 nan 7.265625000000000000e+01 6.492187500000000000e+01 7.265625000000000000e+01 6.679687500000000000e+01 5.505859399999999937e+01 nan 5.396435499999999763e+01 6.187500000000000000e+01 4.500000000000000000e+01 6.194531200000000126e+01
nan nan nan nan nan nan nan nan nan nan nan nan nan 6.475781200000000126e+01 7.460937500000000000e+01 7.000000000000000000e+01 5.250000000000000000e+01 nan 6.587500000000000000e+01 6.098437500000000000e+01 5.971679699999999968e+01 4.800000000000000000e+01
