2.968750000000000000e+01 5.700000000000000000e+01 4.628906200000000126e+01 5.849218799999999874e+01 4.100000000000000000e+01 nan 4.189453100000000063e+01 6.484375000000000000e+01 5.751953100000000063e+01 nan nan nan nan nan nan nan nan nan nan nan nan nan
nan 2.400000000000000000e+01 2.773437500000000000e+01 3.700585900000000095e+01 4.269140600000000063e+01 2.578125000000000000e+01 5.450000000000000000e+01 4.531250000000000000e+01 4.140625000000000000e+01 4.675000000000000000e+01 nan nan nan nan nan nan nan nan nan nan nan nan
4.213867199999999968e+01 2.500000000000000000e+01 2.600000000000000000e+01 3.750000000000000000e+01 4.045898400000000095e+01 nan 4.726562500000000000e+01 4.200000000000000000e+01 5.312500000000000000e+01 5.117187500000000000e+01 nan nan nan nan nan nan nan nan nan nan nan nan
nan 2.650000000000000000e+01 3.379687500000000000e+01 2.773437500000000000e+01 4.737695300000000032e+01 nan nan 3.527343799999999874e+01 3.650000000000000000e+01 4.775000000000000000e+01 nan nan nan nan nan nan nan nan nan nan nan nan
4.140625000000000000e+01 4.045898400000000095e+01 4.700000000000000000e+01 5.300000000000000000e+01 3.329687500000000000e+01 3.700000000000000000e+01 4.071484399999999937e+01 5.652734399999999937e+01 4.921875000000000000e+01 6.093750000000000000e+01 nan nan nan nan nan nan nan nan nan nan nan nan
6.400000000000000000e+01 3.945312500000000000e+01 4.300000000000000000e+01 3.000000000000000000e+01 4.140625000000000000e+01 2.968750000000000000e+01 4.140625000000000000e+01 5.000000000000000000e+01 4.700000000000000000e+01 5.300000000000000000e+01 nan nan nan nan nan nan nan nan nan nan nan nan
4.590039099999999905e+01 5.703125000000000000e+01 5.312500000000000000e+01 6.145703100000000063e+01 4.000000000000000000e+01 3.945312500000000000e+01 2.578125000000000000e+01 5.300000000000000000e+01 5.507812500000000000e+01 5.898437500000000000e+01 nan nan nan nan nan nan nan nan nan nan nan nan
nan 4.738281200000000126e+01 5.505078100000000063e+01 4.400000000000000000e+01 5.751562500000000000e+01 5.500000000000000000e+01 6.787500000000000000e+01 2.968750000000000000e+01 3.700000000000000000e+01 4.238281200000000126e+01 nan nan nan nan nan nan nan nan nan 6.750000000000000000e+01 nan nan
nan 4.763281200000000126e+01 4.921875000000000000e+01 4.580078100000000063e+01 5.996093799999999874e+01 5.312500000000000000e+01 6.800000000000000000e+01 3.800000000000000000e+01 2.480468799999999874e+01 2.400000000000000000e+01 nan nan nan nan nan nan nan nan nan nan nan nan
4.677734399999999937e+01 4.921875000000000000e+01 6.386718799999999874e+01 4.960937500000000000e+01 5.551562500000000000e+01 3.164062500000000000e+01 6.046875000000000000e+01 4.824218799999999874e+01 2.900000000000000000e+01 2.822265600000000063e+01 nan nan nan nan nan nan nan nan nan nan nan nan
nan nan nan nan nan nan nan nan nan nan 2.675781200000000126e+01 4.628906200000000126e+01 4.140625000000000000e+01 5.500000000000000000e+01 5.600000000000000000e+01 5.207421899999999937e+01 6.289062500000000000e+01 4.400000000000000000e+01 6.492187500000000000e+01 5.950000000000000000e+01 6.300000000000000000e+01 nan
nan nan nan nan nan nan nan nan nan nan 5.800781200000000126e+01 4.375000000000000000e+01 5.507812500000000000e+01 nan 5.605468799999999874e+01 3.600000000000000000e+01 4.702148400000000095e+01 3.379687500000000000e+01 nan nan 7.050000000000000000e+01 nan
nan nan nan nan nan nan nan nan nan nan 3.945312500000000000e+01 4.921875000000000000e+01 3.066406200000000126e+01 3.945312500000000000e+01 4.120312500000000000e+01 4.762109399999999937e+01 nan 4.100000000000000000e+01 4.762695300000000032e+01 5.380078100000000063e+01 5.305078100000000063e+01 nan
nan nan nan nan nan nan nan nan nan nan 5.849609399999999937e+01 nan 3.750000000000000000e+01 2.984375000000000000e+01 3.800000000000000000e+01 3.550000000000000000e+01 3.945312500000000000e+01 4.220312500000000000e+01 4.800000000000000000e+01 4.531250000000000000e+01 4.335937500000000000e+01 4.120312500000000000e+01
nan nan nan nan nan nan nan nan nan nan 5.300000000000000000e+01 5.800781200000000126e+01 4.335950299999999658e+01 3.359375000000000000e+01 3.650000000000000000e+01 2.600000000000000000e+01 nan 5.100000000000000000e+01 4.700000000000000000e+01 4.400000000000000000e+01 4.875000000000000000e+01 4.140625000000000000e+01
nan nan nan nan nan nan nan nan nan nan 5.701562500000000000e+01 3.359375000000000000e+01 5.996093799999999874e+01 4.700000000000000000e+01 4.800000000000000000e+01 2.480468799999999874e+01 4.000000000000000000e+01 4.000000000000000000e+01 nan 5.500000000000000000e+01 5.800000000000000000e+01 5.010937500000000000e+01
nan nan nan nan nan nan nan nan nan nan 5.605468799999999874e+01 4.042968799999999874e+01 5.100000000000000000e+01 4.165039099999999905e+01 5.166015600000000063e+01 3.627343799999999874e+01 1.796875000000000000e+01 3.798828100000000063e+01 nan 5.503906200000000126e+01 4.600000000000000000e+01 4.300000000000000000e+01
nan nan nan nan nan nan nan nan nan nan 4.238281200000000126e+01 3.404101599999999905e+01 3.800000000000000000e+01 4.300000000000000000e+01 4.500000000000000000e+01 3.359375000000000000e+01 2.578125000000000000e+01 2.968750000000000000e+01 nan 6.244531200000000126e+01 6.350000000000000000e+01 nan
nan nan nan nan nan nan nan 5.603906200000000126e+01 nan nan nan nan 5.775390600000000063e+01 4.300000000000000000e+01 6.093750000000000000e+01 nan nan nan 3.359375000000000000e+01 3.478515600000000063e+01 4.726562500000000000e+01 4.515625000000000000e+01
nan nan nan nan nan nan nan 4.970703100000000063e+01 nan nan 6.450000000000000000e+01 nan 5.552734399999999937e+01 4.140625000000000000e+01 4.335937500000000000e+01 5.019531200000000126e+01 nan 4.628906200000000126e+01 3.676171899999999937e+01 3.554687500000000000e+01 4.300000000000000000e+01 3.872656200000000126e+01
nan nan nan nan nan nan nan nan nan nan 6.071875000000000000e+01 nan 5.550000000000000000e+01 4.350000000000000000e+01 4.726562500000000000e+01 4.726562500000000000e+01 4.590039099999999905e+01 nan 3.981933599999999984e+01 4.445800799999999953e+01 2.578125000000000000e+01 4.000000000000000000e+01
nan nan nan nan nan nan nan nan nan nan nan nan nan 4.342968799999999874e+01 5.751562500000000000e+01 5.507812500000000000e+01 2.578125000000000000e+01 nan 4.531250000000000000e+01 4.700000000000000000e+01 3.994140600000000063e+01 3.650000000000000000e+01
