1.518121915780855369e-01 3.010048489102398750e-01 1.716893028953822009e-01 nan 5.926456918054285455e-02 4.954232101127743065e-02 3.565112509282560710e-02 1.955164587861596415e-02 1.498186785670939034e-02 7.473943272399249937e-02 7.077677861816036170e-03 2.000057025898656013e-02 3.446235251818552392e-02 5.078165498752823526e-02 7.169928946750089675e-03 4.267146295424627256e-02 1.945968481306790607e-02 2.129273969978277142e-02 4.380413756868307279e-02 7.593883853609161017e-02 3.646928348335041342e-02 3.074088981330917736e-02 2.200409037830420439e-02 2.496784177892864484e-02 2.099641619349884580e-01 2.463036677853587889e-02 2.578198568160804116e-02 1.300565079714247757e-02 1.611206110895035959e-02 1.664257556272258354e-02 2.037577242176632705e-02 2.440049207691750641e-02 4.233526322725755103e-02 1.644712384593028168e-02 1.722363541725501282e-02 1.789277396782227095e-02 3.010048489102398750e-01 3.809628615373578109e-01 1.821209058191011199e-01 4.357751717092057109e-01 1.438192838647300020e-01 2.099641619349884580e-01 6.818251567999551732e-02 8.025505355898272797e-02 4.900560263986489945e-02 2.099641619349884580e-01 5.343880971810117952e-02 nan 3.010048489102398750e-01 9.413839991354819303e-02 5.141689235103350658e-02 2.476136336469768606e-01 3.809628615373578109e-01 1.138108950760257920e-01 9.566238582219448172e-02 2.272740130512162782e-01 6.085672774580880989e-02 7.473943272399249937e-02 1.438192838647300020e-01 6.361369888079290713e-02 nan 4.865534952446597117e-02 7.222732630965336686e-02 5.405948268385450672e-02 1.827227354886191632e-02 2.257254551012183308e-02 3.835126339957786734e-02 2.895340904212826555e-02 5.240836858943999366e-02 4.255928704121114681e-02 8.804698498806523554e-02 7.578293353312501313e-02
1.438192838647300020e-01 4.357751717092057109e-01 9.034721983471924456e-02 4.357751717092057109e-01 4.936603492802661003e-02 3.279826424941585661e-02 2.102407466588238766e-02 2.522644734380176737e-02 8.351092004752936823e-03 4.973263383471304006e-02 1.489892151472335495e-02 1.723770028984742547e-02 3.453826593099815906e-02 6.930002897973396025e-02 1.275953173184492424e-02 3.580414579123760571e-02 3.245901765524492055e-02 2.952430530610881607e-02 2.967406682337646318e-02 6.924412100773102985e-02 2.461317381873400975e-02 1.622464258546774812e-02 1.614238902217449145e-02 2.661904321358687583e-02 1.558988433825599373e-01 2.860940561782578107e-02 3.037593627233226012e-02 1.151150199636978913e-02 2.046989898806683347e-02 1.355824315307464084e-02 2.174401038814791076e-02 1.492781825719882542e-02 4.848669302593915098e-02 1.768767133327077412e-02 8.198332243001376848e-03 1.399661714260622483e-02 nan nan nan nan nan 8.025505355898272797e-02 7.178233962939632729e-02 7.178233962939632729e-02 2.141990539785894668e-02 3.809628615373578109e-01 5.562614353050422678e-02 1.092469815160791446e-01 1.607383185605434639e-01 1.301063895550240157e-01 3.630427963693894783e-02 1.832967502522322156e-01 1.821209058191011199e-01 6.341181605714771297e-02 7.547386846364541324e-02 3.809628615373578109e-01 5.046221317221189634e-02 3.835415345852061231e-02 1.138108950760257920e-01 7.066685925335798590e-02 nan 5.451055713762444077e-02 5.208436991845118158e-02 3.108442659040092093e-02 3.230976998548817231e-02 2.171047191443313540e-02 5.301208998512380727e-02 5.141689235103350658e-02 5.343880971810117952e-02 6.542484263365087871e-02 7.447395496753289601e-02 1.366214644389762978e-01
1.707693057414993720e-01 nan 9.751072495546907193e-02 3.367230529138357520e-01 2.485693278214892374e-02 3.033744290457507722e-02 7.838831475544963748e-03 1.299573558160025712e-02 6.825425523048485148e-03 2.651516149883260953e-02 5.656265400900745491e-03 1.174010284107049676e-02 1.300867144879058745e-02 5.690424514758539443e-02 3.220595187376033668e-03 2.339728503128316386e-02 1.519386231098285994e-02 1.680188930738165526e-02 3.078494789890727501e-02 4.667046302549207604e-02 2.815474150508562659e-02 1.775130972887126179e-02 1.650827554530750335e-02 2.201042880699353305e-02 1.266647029771968691e-01 1.811211243610248017e-02 2.365830934244233727e-02 6.904793232197302399e-03 1.647786473613424910e-02 1.327643926865459609e-02 1.478755680151412448e-02 1.081458368561700155e-02 3.161362108643599178e-02 1.412027370748025756e-02 5.242572355085822755e-03 1.109401342595292550e-02 1.301063895550240157e-01 2.099641619349884580e-01 7.381386409572406049e-02 3.010048489102398750e-01 1.092469815160791446e-01 9.751072495546907193e-02 8.269473071902942729e-02 4.255928704121114681e-02 2.965960286727961290e-02 2.099641619349884580e-01 2.325340392429598238e-02 2.718136272412727816e-01 2.718136272412727816e-01 2.805638995895178012e-02 1.850211432644533610e-02 8.528711756106432951e-02 1.707693057414993720e-01 2.407779708781932967e-02 4.865534952446597117e-02 1.187712532832855272e-01 2.616489713966215283e-02 5.920284689277108964e-02 8.528711756106432951e-02 3.008674956320993299e-02 nan 3.224629997196947623e-02 2.729755200147434765e-02 1.241416600325049094e-02 1.980149519005962658e-02 1.208805212891993046e-02 1.527292084063460245e-02 2.229903283904350469e-02 2.060746138516741238e-02 2.615256636887793029e-02 4.465755451156115663e-02 6.492617232672384664e-02
1.438192838647300020e-01 8.269473071902942729e-02 1.011329912472971743e-01 2.476136336469768606e-01 1.754606033440485671e-02 2.326150707343731597e-02 1.294401206404765907e-02 1.248387896257043862e-02 3.564845441936953692e-03 2.193886295921941218e-02 4.014326430671214321e-03 1.100712758331525917e-02 1.615688685409845393e-02 2.404159639415066885e-02 7.847194168351525473e-03 1.553872104045451140e-02 1.794270900372203770e-02 2.331994685302131443e-02 2.382430003457694512e-02 4.572518426629740979e-02 3.033848053037794396e-02 1.773666824336078349e-02 1.916059975093999460e-02 1.987530107938261653e-02 1.092469815160791446e-01 2.582941676357979402e-02 2.662064581808322797e-02 9.387359734584391213e-03 1.726178232082420383e-02 9.338322743757267175e-03 1.920770985002718048e-02 1.388842797193226911e-02 4.207939659223076251e-02 1.451293156174633496e-02 6.418492592457252129e-03 9.423848773467295714e-03 nan nan nan nan nan 9.099106753621995225e-02 5.141689235103350658e-02 2.694338315274890164e-02 3.427614886002144923e-02 1.821209058191011199e-01 2.591530203061673948e-02 4.054687942657692612e-01 2.476136336469768606e-01 1.607383185605434639e-01 5.800004246110418427e-02 9.709845324768795471e-02 8.269473071902942729e-02 3.809628615373578109e-01 5.642908971794256129e-02 2.099641619349884580e-01 7.372847625073611355e-02 3.338422273849616512e-02 9.413839991354819303e-02 7.381386409572406049e-02 nan 1.438192838647300020e-01 5.222222255406203106e-02 3.924961560957435786e-02 2.634374403254123587e-02 1.366550504595729146e-02 2.743994020448707952e-02 2.667879190793542507e-02 3.627548638907752282e-02 2.493632925531192104e-02 4.505352495903713894e-02 4.465755451156115663e-02
9.751072495546907193e-02 3.010048489102398750e-01 1.187712532832855272e-01 nan 4.067888538908195212e-02 1.766012896009922298e-02 1.477792073091628057e-02 2.807787756586021394e-02 1.378643757133006867e-02 4.393552429673515392e-02 7.762870156792709732e-03 1.668395034018906736e-02 2.368734689265966642e-02 5.188978613122341432e-02 1.352737968021999922e-02 2.565252010931633186e-02 1.564315260474078220e-02 2.858529996159754269e-02 2.712607586469350726e-02 5.954266960225302469e-02 2.976140089585834966e-02 1.482278392576249354e-02 1.601566455375671646e-02 2.769640975234710298e-02 2.476136336469768606e-01 2.548649602486687676e-02 2.488226463437539712e-02 1.145619045635144773e-02 1.655714113665684648e-02 1.255597116615165924e-02 1.608186470487955877e-02 1.366649258574657855e-02 4.865289257037286319e-02 1.192556451241881706e-02 1.075238660230653891e-02 1.401545219320711987e-02 3.010048489102398750e-01 3.809628615373578109e-01 1.607383185605434639e-01 4.357751717092057109e-01 1.821209058191011199e-01 2.099641619349884580e-01 9.751072495546907193e-02 9.983516429982064455e-02 6.701419200497750472e-02 2.476136336469768606e-01 3.202505247218720430e-02 nan 3.809628615373578109e-01 7.178233962939632729e-02 1.837215181442686598e-02 1.301063895550240157e-01 3.809628615373578109e-01 6.993618725097662525e-02 8.198303533654112407e-02 1.518121915780855369e-01 3.292992678193244760e-02 3.946839073727924363e-02 7.563795805149668705e-02 6.533283022989504196e-02 3.809628615373578109e-01 3.925507819739030430e-02 4.375422575211879161e-02 1.590509237265694265e-02 1.068983335609911996e-02 1.724391368471141217e-02 2.616489713966215283e-02 8.528711756106432951e-02 7.372847625073611355e-02 2.125233228173533523e-02 5.371694878046719829e-02 1.241817997430071097e-01
3.367230529138357520e-01 1.138108950760257920e-01 8.025505355898272797e-02 3.809628615373578109e-01 8.720729997351249485e-02 6.649901325323033519e-02 3.058305405346752048e-02 3.184941416007103232e-02 1.662114220789679894e-02 7.372847625073611355e-02 1.043029959578750665e-02 4.005013642418318864e-02 2.748862656309620373e-02 6.606995448583831421e-02 1.430985925968055947e-02 3.647248082351515347e-02 4.454422245057951257e-02 3.420664388630558633e-02 4.765869086164740281e-02 6.960296218952730096e-02 4.851108299643695082e-02 1.578716292451785158e-02 2.981603144930101978e-02 3.273159326067942576e-02 nan 3.470081408185989730e-02 3.405258325198681074e-02 1.952078673098349426e-02 2.492309955076367489e-02 1.831229327285690406e-02 2.801299253121758773e-02 1.266346668469128453e-02 6.122221602874561991e-02 1.681905945774291380e-02 2.004804148387700352e-02 4.862605899473924215e-02 4.357751717092057109e-01 2.476136336469768606e-01 3.809628615373578109e-01 nan 2.099641619349884580e-01 3.809628615373578109e-01 1.707693057414993720e-01 1.808236316043189407e-01 1.301063895550240157e-01 4.357751717092057109e-01 8.528711756106432951e-02 3.367230529138357520e-01 nan 2.272740130512162782e-01 3.403070167355601999e-02 2.099641619349884580e-01 4.357751717092057109e-01 2.099641619349884580e-01 1.490319631111133580e-01 4.357751717092057109e-01 8.269473071902942729e-02 2.099641619349884580e-01 2.476136336469768606e-01 1.533675529274109439e-01 nan 1.707693057414993720e-01 1.900191890099049707e-01 5.234659248721704183e-02 6.478143273236754152e-02 5.567946098012676454e-02 9.957745507211288039e-02 1.301063895550240157e-01 2.272740130512162782e-01 5.240836858943999366e-02 1.808236316043189407e-01 3.010048489102398750e-01
2.292682995800220114e-01 3.010048489102398750e-01 1.250794796341924142e-01 4.054687942657692612e-01 5.250834197657971991e-02 2.748862656309620373e-02 2.159014187272033716e-02 1.562811751303151003e-02 9.446894917692138377e-03 6.649901325323033519e-02 6.180795879099070661e-03 3.890329799514016806e-02 4.505352495903713894e-02 6.076675866007781590e-02 8.861699531039043259e-03 3.078538978201731530e-02 2.120333289406106658e-02 2.215303320648898816e-02 2.882222791924222288e-02 5.790610975607034250e-02 2.736622208241063295e-02 1.481279707922276978e-02 1.688940423530534141e-02 2.276998932724845492e-02 1.215747174679710635e-01 1.945781218795308160e-02 2.446642832621267333e-02 1.330502477248707467e-02 1.303739258408177087e-02 1.263865600592158599e-02 8.565547670203578143e-03 7.727789842354352602e-03 2.354780139104285103e-02 9.953111788640275209e-03 7.162793855971859996e-03 1.837694875132314665e-02 nan nan nan nan nan 2.718136272412727816e-01 3.367230529138357520e-01 nan 7.197429424819676291e-02 3.367230529138357520e-01 6.161295179553723939e-02 1.909609249328599601e-01 1.950677444450527043e-01 1.518121915780855369e-01 1.366297960735776869e-02 2.476136336469768606e-01 2.718136272412727816e-01 1.634193373935493299e-01 7.152457354445444782e-02 3.010048489102398750e-01 5.181080114619256854e-02 6.196643210878104852e-02 4.954232101127743065e-02 7.509059062306500110e-02 nan 9.751072495546907193e-02 3.666090258647352468e-02 4.273322841492115803e-02 1.845562748575210743e-02 2.798864007377973445e-02 3.093124325778846134e-02 8.269473071902942729e-02 7.578293353312501313e-02 3.879524215430724121e-02 1.138108950760257920e-01 8.528711756106432951e-02
4.617519533630786571e-02 6.196643210878104852e-02 1.197630447461611042e-02 1.301063895550240157e-01 2.085591679638117493e-02 1.554401510127468439e-02 7.209166590998305341e-03 1.051303194428791429e-02 6.678784877908898465e-03 1.953726294864660887e-02 6.505141138618763912e-03 1.202589260153443841e-02 1.156967689323487418e-02 2.929070770951246183e-02 6.108672266059903162e-03 1.578159377436117242e-02 1.523469897446119194e-02 1.262569300941149622e-02 2.277195814702903665e-02 1.175131175717451446e-02 1.821480275970571022e-02 1.613139290714611651e-02 9.367668721145555599e-03 1.527980818069555984e-02 1.150548014971340266e-01 2.096630831769808953e-02 1.861547574709885439e-02 9.980194613417262689e-03 1.085050205886200873e-02 9.871304038958821428e-03 1.467508659871921868e-02 1.371144949684891499e-02 3.019064317309142972e-02 1.334506241403972567e-02 6.748003864512860418e-03 1.101978644937292792e-02 nan 1.607383185605434639e-01 6.993618725097662525e-02 nan 7.372847625073611355e-02 1.915441706663452426e-02 1.332780007152628565e-02 1.205919871146848323e-02 1.103562520505306510e-02 5.343880971810117952e-02 1.088770622634644379e-02 4.697334734129097328e-02 5.562614353050422678e-02 2.272740130512162782e-01 1.971033389382400788e-02 1.518121915780855369e-01 4.357751717092057109e-01 2.899505854945242864e-02 1.231677718909412467e-01 1.950677444450527043e-01 7.178233962939632729e-02 4.923566932215008018e-02 3.010048489102398750e-01 6.960296218952730096e-02 nan 4.739177538240015725e-02 3.999422653808985123e-02 2.542958575946364583e-02 1.932424734455602186e-02 9.706683875584666207e-03 2.570054955720433437e-02 3.296254686645033044e-02 4.432913139464933483e-02 2.252741698589857608e-02 1.097107684526552399e-02 3.630427963693894783e-02
5.562614353050422678e-02 3.319903930511520357e-02 1.536296146210165692e-02 9.099106753621995225e-02 2.696981785980925514e-02 3.761353496914997263e-02 9.658995305151104119e-03 1.245788137939614869e-02 1.022054441598417227e-02 1.930889516958666369e-02 8.848371656116066700e-03 1.379495396982350318e-02 2.020202853311939273e-02 2.155519801998920584e-02 1.302868356932001398e-02 1.547599308737199544e-02 1.851005368636322521e-02 1.777705187598196263e-02 3.911041257722561171e-02 1.789839216496120003e-02 2.517941767576667086e-02 2.641037527768367796e-02 1.471479261990356162e-02 2.378343314508513801e-02 5.994734662698811278e-02 2.474688348355975551e-02 2.808094930132308889e-02 1.607306931598663849e-02 1.530143939040771832e-02 1.386029201213698561e-02 2.448156017685835725e-02 1.576847372731848135e-02 4.323839447506468148e-02 1.877133358590002410e-02 7.900039901607524076e-03 1.516854211929545213e-02 3.010048489102398750e-01 1.607383185605434639e-01 3.010048489102398750e-01 nan 9.099106753621995225e-02 5.286986742212123475e-02 3.782029158761269355e-02 2.108736051251241042e-02 1.718516944259878068e-02 3.010048489102398750e-01 1.788180300959332086e-02 7.795499955264197089e-02 1.241817997430071097e-01 5.343880971810117952e-02 4.739898227980527540e-02 7.795499955264197089e-02 1.607383185605434639e-01 3.025662194748576436e-02 1.185919840038364426e-01 1.138108950760257920e-01 8.528711756106432951e-02 1.016196374998298152e-01 1.607383185605434639e-01 6.818251567999551732e-02 nan 9.721393102316065737e-02 7.532169446019103265e-02 4.588316744362939958e-02 3.530914388973810381e-02 5.201450745802366910e-02 4.672719338715099896e-02 7.978649540931009865e-02 1.078310912672267169e-01 4.549248623958682819e-02 2.387029844215265290e-02 6.492617232672384664e-02
6.341181605714771297e-02 3.535935129616483985e-02 1.454060964582453569e-02 5.141689235103350658e-02 3.431573277883954304e-02 2.977623954172673587e-02 1.669297983078684572e-02 1.689705504597923194e-02 1.107883192393935463e-02 3.103794857492171710e-02 1.144887974156233792e-02 2.569913721523740466e-02 2.518651994328431273e-02 2.782950928551489178e-02 1.322881323322017133e-02 8.693271329051652924e-03 2.093922982008429232e-02 2.094501032890030631e-02 4.714938125925653006e-02 1.692068498030694160e-02 2.709731218508915074e-02 2.713688767979770960e-02 2.373051582261285000e-02 2.063859726284565307e-02 9.413839991354819303e-02 2.702964698971012381e-02 2.952346286209941648e-02 1.638892915759366728e-02 1.592702936546221831e-02 1.411551820587336054e-02 2.600731905702037203e-02 1.304021285352631628e-02 5.219243660135415575e-02 1.922378090653515184e-02 1.076766380390430447e-02 1.621622917912943218e-02 nan nan 1.607383185605434639e-01 nan 1.220766011909298066e-01 1.607383185605434639e-01 8.804698498806523554e-02 5.343880971810117952e-02 2.387029844215265290e-02 2.272740130512162782e-01 1.798130993648133780e-02 1.138108950760257920e-01 1.011329912472971743e-01 5.543568427090315304e-02 2.728224104829523114e-02 6.169746587595230369e-02 7.795499955264197089e-02 2.919583892889360960e-02 1.454325049469920028e-01 1.033367418590916131e-01 7.811730168805917918e-02 1.518121915780855369e-01 1.187712532832855272e-01 8.263000536527753681e-02 nan 1.022390344283318347e-01 7.408062098212282731e-02 5.929334730360120292e-02 5.204906245765935496e-02 7.400664151474911634e-02 1.326569697251245850e-01 1.351356303422899252e-01 2.718136272412727816e-01 3.980243906231756279e-02 2.159014187272033716e-02 6.818251567999551732e-02
nan nan 3.809628615373578109e-01 nan 3.367230529138357520e-01 3.809628615373578109e-01 1.050339641654033790e-01 1.607383185605434639e-01 2.457056319412314824e-02 3.809628615373578109e-01 5.942930443092693527e-02 9.099106753621995225e-02 3.010048489102398750e-01 nan 1.477792073091628057e-02 nan 3.010048489102398750e-01 1.187712532832855272e-01 2.076498244505416146e-02 3.809628615373578109e-01 3.699535610843922989e-02 2.672668180466578405e-02 9.413839991354819303e-02 4.350894711304159612e-02 nan 5.141689235103350658e-02 2.370142381626950956e-02 6.986326692724861148e-03 1.534732097974620020e-02 1.978961133123382024e-02 3.641854936695916589e-02 5.817403963765904046e-02 1.011329912472971743e-01 2.422440050280792734e-02 3.890329799514016806e-02 4.954232101127743065e-02 2.476136336469768606e-01 1.187712532832855272e-01 5.800004246110418427e-02 4.357751717092057109e-01 5.150204652340598793e-02 3.500826966963409281e-02 1.955687654803145784e-02 1.822284022912944168e-02 1.949343049575843687e-02 7.473943272399249937e-02 1.019704261772986023e-02 3.749309578013094307e-02 2.776960696780385665e-02 1.741489868678988001e-02 1.055764890009978918e-02 3.206728375598651148e-02 7.970288873663059284e-03 6.534613676432255575e-03 3.287405749608352662e-02 7.846563234366432660e-02 2.823599278724706410e-02 2.833419472250811241e-02 1.540123054344797078e-02 2.168162009750452396e-02 1.463798034966141415e-01 2.224615793263723731e-02 2.210678346354272295e-02 6.579150169551425606e-03 1.351729683857611809e-02 1.232652064224395647e-02 1.439575666499428620e-02 2.493238020221662937e-02 2.846936542001226797e-02 1.084578505923770170e-02 1.795091261795042983e-02 1.585107818195377258e-02
nan nan nan nan 3.010048489102398750e-01 1.707693057414993720e-01 2.718136272412727816e-01 1.821209058191011199e-01 4.005013642418318864e-02 4.357751717092057109e-01 3.165195574759144953e-02 1.301063895550240157e-01 1.138108950760257920e-01 nan 2.834915712706713095e-02 3.010048489102398750e-01 4.357751717092057109e-01 1.950677444450527043e-01 9.369049801138629174e-02 3.010048489102398750e-01 1.091757367213455204e-01 4.617519533630786571e-02 9.413839991354819303e-02 5.770689144396773385e-02 nan 7.970521583930205434e-02 9.099106753621995225e-02 4.485055934227384633e-02 3.476691178973374124e-02 4.312062414409699451e-02 3.809968504174474080e-02 4.465755451156115663e-02 1.438192838647300020e-01 4.245970665456366699e-02 8.269473071902942729e-02 1.607383185605434639e-01 2.640856206090247404e-01 1.707693057414993720e-01 9.751072495546907193e-02 nan 2.591530203061673948e-02 4.064928192251297812e-02 3.120767790392789398e-02 1.759995835105609280e-02 9.409682075181672462e-03 8.269473071902942729e-02 4.265615259019511947e-03 3.630427963693894783e-02 5.150204652340598793e-02 3.805603892579940972e-02 9.275589795819558572e-03 4.937208922472342137e-02 3.245456745654333452e-02 1.330344294957314620e-02 3.396899773060835931e-02 5.264992931418042976e-02 3.031320777176590986e-02 1.610452473504654647e-02 2.756407457694010771e-02 2.189835652666391116e-02 1.707693057414993720e-01 2.153107816256383603e-02 1.630762073557849579e-02 1.333580030863079115e-02 1.162032744994905172e-02 1.343345565405350099e-02 1.053277622169020850e-02 1.158621640562620438e-02 2.127302434435977482e-02 1.196747099168129873e-02 1.548471918960789111e-02 2.248358870670960283e-02
nan nan nan nan nan 3.367230529138357520e-01 5.343880971810117952e-02 6.492617232672384664e-02 2.014891727218116185e-02 2.718136272412727816e-01 3.835415345852061231e-02 1.607383185605434639e-01 1.301063895550240157e-01 nan 1.387230321899013061e-02 nan 2.099641619349884580e-01 1.092469815160791446e-01 5.204906245765935496e-02 3.809628615373578109e-01 2.496278489527792299e-02 3.615470412280582385e-02 1.821209058191011199e-01 4.118766742468921854e-02 nan 4.352396081996283417e-02 4.752933769991482538e-02 1.348364165069075755e-02 2.494009439009557683e-02 1.413467162458993502e-02 2.607390642660570995e-02 3.024261518159252968e-02 1.187712532832855272e-01 2.796099984633875282e-02 4.697334734129097328e-02 5.046221317221189634e-02 1.716893028953822009e-01 8.025505355898272797e-02 9.413839991354819303e-02 nan 1.609098536846635327e-02 1.599623137523992905e-02 1.597751999505987036e-02 1.172979422599772052e-02 6.965117688256024057e-03 2.879393154864072144e-02 7.409548357073474263e-03 1.519113329367702617e-02 2.641934611263082461e-02 3.527600902842743108e-02 5.318017705690757969e-03 3.720464652412756174e-02 1.166508855363242690e-02 9.402109082873505441e-03 3.122932462594419159e-02 5.467065056979331789e-02 2.472292354244323351e-02 2.435516696881763130e-02 1.506706822889576983e-02 2.175421365592250869e-02 2.243068117006538353e-01 1.596556641259350498e-02 1.566029168819889350e-02 6.257166548213554183e-03 1.354099665117865919e-02 1.132365081435845154e-02 1.079426545371726769e-02 1.611751855969944386e-02 2.377501092518150352e-02 1.100660899265645115e-02 6.302079787679898230e-03 1.264871864224522552e-02
nan nan 3.809628615373578109e-01 nan 3.367230529138357520e-01 3.809628615373578109e-01 1.707693057414993720e-01 3.367230529138357520e-01 3.446235251818552392e-02 nan 6.924412100773102985e-02 1.518121915780855369e-01 nan nan 6.651455309058061649e-02 nan nan 1.607383185605434639e-01 8.025505355898272797e-02 4.357751717092057109e-01 6.196643210878104852e-02 5.240836858943999366e-02 2.272740130512162782e-01 4.064928192251297812e-02 nan 1.176402401030279127e-01 6.701419200497750472e-02 2.519428981735926873e-02 1.971855997550213402e-02 2.899505854945242864e-02 2.694338315274890164e-02 4.465755451156115663e-02 1.366214644389762978e-01 1.033414278108799184e-01 1.241817997430071097e-01 7.178233962939632729e-02 3.809628615373578109e-01 1.983453579040808656e-01 1.518121915780855369e-01 3.367230529138357520e-01 6.260696140447304103e-02 2.159014187272033716e-02 1.639718068442461499e-02 1.395995171963604689e-02 1.278892533903012649e-02 5.612493364958556774e-02 9.597606067433754606e-03 1.915441706663452426e-02 2.522670303008160003e-02 5.742836214168697828e-02 1.114566642022144644e-02 3.856540197795475106e-02 2.923730900138691441e-02 1.808451941393584769e-02 3.164398732147326310e-02 6.960296218952730096e-02 3.439836295084854750e-02 2.201265367228683392e-02 1.292700899784688870e-02 3.275912775998197218e-02 3.010048489102398750e-01 3.195605662231793681e-02 2.828901185328488305e-02 1.245134570308228765e-02 1.716461573529234549e-02 1.289568827602539935e-02 1.931712193387735005e-02 1.838031919366076017e-02 3.382759299195979563e-02 1.805923343105298937e-02 7.642359452698380129e-03 1.741651039518471097e-02
nan 4.357751717092057109e-01 2.476136336469768606e-01 3.809628615373578109e-01 3.367230529138357520e-01 2.476136336469768606e-01 2.451230669898002770e-02 3.782029158761269355e-02 9.537420788961624776e-03 2.099641619349884580e-01 5.141689235103350658e-02 2.476136336469768606e-01 4.054687942657692612e-01 1.821209058191011199e-01 1.213683447889803840e-02 3.809628615373578109e-01 1.821209058191011199e-01 2.099641619349884580e-01 3.360972767064285271e-02 1.438192838647300020e-01 1.985439152946786787e-02 2.170515216589492119e-02 1.301063895550240157e-01 2.086776461946941719e-02 nan 4.147607091940204438e-02 5.816742410314089395e-02 9.182763739969115532e-03 2.532762600876265618e-02 7.017695350591774371e-03 2.945934439676516428e-02 2.878010995938210664e-02 9.735229201872330762e-02 4.300613460925302445e-02 1.545034144056191446e-02 8.804698498806523554e-02 1.092469815160791446e-01 4.255928704121114681e-02 4.126661942063535038e-02 9.413839991354819303e-02 1.118713657067840588e-02 1.937980006768531827e-02 9.109272307651071141e-03 5.320167727757361964e-03 5.187461571196430414e-03 2.320883643104271546e-02 5.042240487945302135e-03 1.971855997550213402e-02 1.230172630056483064e-02 1.970601257833731398e-02 5.549008220767522558e-03 1.303093087363753518e-02 1.472653583477136728e-02 1.082159821108135724e-02 2.484257532973420043e-02 2.000057025898656013e-02 2.297668551137949100e-02 1.424930471797990900e-02 6.863771011108835488e-03 1.710004436339694275e-02 8.804698498806523554e-02 1.856071793161226391e-02 1.708211845421249778e-02 6.261837051818896528e-03 1.102926582612208210e-02 8.394633062170257093e-03 1.246427826664017573e-02 1.374909983953629018e-02 2.496273712817179483e-02 1.184716656922759834e-02 5.309925289182386432e-03 6.596132236791684561e-03
nan nan 3.809628615373578109e-01 nan 2.272740130512162782e-01 3.367230529138357520e-01 3.010048489102398750e-01 2.272740130512162782e-01 5.240836858943999366e-02 4.357751717092057109e-01 3.582558740493173299e-02 3.010048489102398750e-01 2.272740130512162782e-01 nan 4.190298991790612076e-02 4.357751717092057109e-01 4.357751717092057109e-01 nan 7.795499955264197089e-02 3.809628615373578109e-01 1.024189879351505711e-01 5.562614353050422678e-02 8.025505355898272797e-02 7.531051224900087160e-02 nan 5.459158741378433016e-02 1.050339641654033790e-01 8.002242829413548642e-02 3.594731562014420734e-02 4.604623691738918279e-02 3.128745044919565427e-02 7.547386846364541324e-02 7.795499955264197089e-02 4.617519533630786571e-02 9.709845324768795471e-02 1.607383185605434639e-01 3.367230529138357520e-01 1.909609249328599601e-01 4.393552429673515392e-02 1.950677444450527043e-01 4.011153644613742880e-02 6.341181605714771297e-02 2.170515216589492119e-02 2.520127838832382158e-02 1.557556387033131977e-02 7.372847625073611355e-02 1.178940744087696342e-02 4.005013642418318864e-02 3.833132940586677501e-02 3.546375622330093236e-02 1.326545404071103988e-02 2.531076979253795919e-02 2.850816719599582119e-02 1.538113171433091834e-02 2.981315075309250856e-02 3.164845492691945733e-02 2.559782377207373005e-02 1.210752001907975696e-02 1.975660263346887963e-02 2.466160861122215775e-02 1.178071876322016182e-01 2.868180193943375283e-02 2.976730616670191995e-02 1.450829711239271479e-02 1.403194352466185547e-02 1.252152405653315578e-02 1.704574834525467847e-02 1.048540990061730752e-02 3.190832600307535322e-02 1.333462608879897905e-02 1.111027396724735029e-02 3.433415927359349806e-02
nan nan nan nan nan 2.099641619349884580e-01 3.010048489102398750e-01 nan 4.126661942063535038e-02 3.809628615373578109e-01 3.446235251818552392e-02 1.092469815160791446e-01 9.099106753621995225e-02 nan 2.738198272323563373e-02 nan 2.718136272412727816e-01 3.367230529138357520e-01 8.025505355898272797e-02 nan 3.535935129616483985e-02 4.566736689216694539e-02 1.366214644389762978e-01 5.572286204560280426e-02 nan 6.763234483099005157e-02 7.578293353312501313e-02 3.360800271243361004e-02 1.966642558970576465e-02 2.902987853946245242e-02 3.730108335484064869e-02 6.492617232672384664e-02 3.367230529138357520e-01 1.915441706663452426e-02 5.678831278518709641e-02 1.707693057414993720e-01 3.809628615373578109e-01 4.357751717092057109e-01 1.187712532832855272e-01 nan 1.890224678183703433e-01 5.678831278518709641e-02 2.981898381994485883e-02 2.780547548569173993e-02 2.929137981287820505e-02 1.220653926463693834e-01 1.502149961494625950e-02 5.926456918054285455e-02 4.221611864917342027e-02 9.085905366002838823e-02 1.508552919220690000e-02 4.969725234836283589e-02 5.181080114619256854e-02 3.840101469609190354e-02 5.665043756369522038e-02 7.521903864538578843e-02 3.168905160605488269e-02 2.048048766716376035e-02 3.006817744918284172e-02 3.841682980958916610e-02 2.476136336469768606e-01 3.493686047549547646e-02 3.129472766563667213e-02 1.903729594120162627e-02 2.248506575766413829e-02 2.022834864461218324e-02 2.629809355000281568e-02 2.207314083914582031e-02 5.557193943701658340e-02 1.775541522361251054e-02 3.351897936402939426e-02 7.161935120817704281e-02
nan nan nan nan 3.010048489102398750e-01 2.476136336469768606e-01 1.301063895550240157e-01 1.241817997430071097e-01 7.011171479711221510e-02 3.809628615373578109e-01 4.323646122512495027e-02 1.607383185605434639e-01 1.707693057414993720e-01 nan 3.490509149695562863e-02 4.357751717092057109e-01 nan 2.476136336469768606e-01 5.046221317221189634e-02 3.010048489102398750e-01 1.336092633562415144e-01 5.562614353050422678e-02 1.438192838647300020e-01 7.041416190437795042e-02 nan 3.730108335484064869e-02 6.341181605714771297e-02 1.680532084185247521e-02 1.955164587861596415e-02 2.147192692768916736e-02 2.543012832343371707e-02 4.465755451156115663e-02 7.795499955264197089e-02 2.439167392008118398e-02 6.701419200497750472e-02 1.707693057414993720e-01 1.301063895550240157e-01 8.503223620940374150e-02 3.582558740493173299e-02 2.099641619349884580e-01 3.321160267730968035e-02 2.864809771830862523e-02 1.021914687928265550e-02 1.707059298915310913e-02 1.267346655496390598e-02 4.387401993278407936e-02 4.612796113896978391e-03 2.591530203061673948e-02 2.050922979209957031e-02 2.482383488254283690e-02 6.665870079515618871e-03 2.635380142228626460e-02 2.458461795414218151e-02 1.584786519206525524e-02 2.352512039157364163e-02 4.273090569638891834e-02 1.943182346074415201e-02 1.535269370675649073e-02 9.606594044594090123e-03 2.216726590209005393e-02 2.476136336469768606e-01 1.750172984168784848e-02 1.656980587171771879e-02 8.524499069581883276e-03 1.239468969814709609e-02 1.058058309545942613e-02 1.149784491326997712e-02 1.443598668505517366e-02 3.201424592808253811e-02 7.827677313690977606e-03 1.109522111311385395e-02 1.565977007894215484e-02
nan nan 2.476136336469768606e-01 nan 7.578293353312501313e-02 1.050339641654033790e-01 4.779956345754422797e-02 5.926456918054285455e-02 1.615688685409845393e-02 2.099641619349884580e-01 1.678705270129133079e-02 8.528711756106432951e-02 1.011329912472971743e-01 nan 2.716000839041429749e-02 nan nan 6.651455309058061649e-02 1.138108950760257920e-01 1.607383185605434639e-01 1.050339641654033790e-01 1.415510738861432971e-01 2.476136336469768606e-01 7.930844868213399179e-02 nan 7.385037013868267497e-02 8.896564261817781205e-02 1.990007549759210612e-02 3.968105934050406014e-02 3.630427963693894783e-02 8.653595993184295954e-02 4.626983894334041336e-02 1.324777396313699951e-01 3.517907560960363555e-02 2.229903283904350469e-02 9.148343592970036020e-02 2.099641619349884580e-01 6.651455309058061649e-02 3.946839073727924363e-02 1.518121915780855369e-01 3.796844375183174719e-02 4.218513414664464695e-02 1.265783887109572792e-02 1.596254103755676695e-02 1.035396675416584353e-02 2.798437368754197463e-02 1.316999604952837771e-02 2.169111362950171609e-02 2.866858274172170984e-02 2.941732890365194100e-02 1.327230285175297689e-02 2.474548157453696287e-02 1.638570582891583916e-02 1.376672438426329234e-02 5.104943970390134200e-02 2.921324085876983445e-02 3.905002641479302788e-02 3.948406891961177279e-02 2.272436114176927188e-02 2.632301447596688618e-02 4.357751717092057109e-01 3.455788713012081237e-02 2.804361211572272555e-02 1.734129286656643787e-02 1.702616355973787798e-02 1.802632567506957592e-02 2.492664637858780369e-02 3.011407206132723016e-02 4.258926796161206785e-02 2.207404295109529832e-02 1.294859093961335701e-02 2.614128624263095321e-02
nan nan 1.607383185605434639e-01 nan 6.073358934191921271e-02 8.025505355898272797e-02 3.024261518159252968e-02 3.730108335484064869e-02 7.425587095842365280e-03 1.138108950760257920e-01 1.394351032530551961e-02 8.293216956898864789e-02 8.025505355898272797e-02 nan 1.049554009693868736e-02 nan 1.950677444450527043e-01 6.818251567999551732e-02 3.403070167355601999e-02 1.187712532832855272e-01 1.837694875132314665e-02 3.349813654312575051e-02 1.092469815160791446e-01 1.461886196171722184e-02 nan 7.599316819603287032e-02 6.976931279094948646e-02 6.660830544770365499e-03 1.987413325310314477e-02 9.987371795012245368e-03 3.751494489954836087e-02 2.522670303008160003e-02 1.130386918307258598e-01 1.251763971611823470e-02 1.814947151401948358e-02 4.566736689216694539e-02 6.651455309058061649e-02 4.178948868903660518e-02 2.325340392429598238e-02 5.286986742212123475e-02 3.287016295942747635e-02 1.980283977394623959e-02 1.128900306342951396e-02 1.108595560034936721e-02 7.792664477807395573e-03 1.252868003589873748e-02 8.512855711592130434e-03 1.433252183149114067e-02 1.422492421115841184e-02 2.460566492957111384e-02 8.720031569477385003e-03 1.799014523789336031e-02 1.441832964956397088e-02 1.488803517220729268e-02 2.430902722542267053e-02 1.894682569749695997e-02 1.843409328394938346e-02 2.197216334297404788e-02 1.522948715253621792e-02 1.820158341893076542e-02 1.518121915780855369e-01 2.625076233252604183e-02 2.351362371501621029e-02 1.202296759443262190e-02 1.090765846112085567e-02 9.961245757863038466e-03 1.610368352074140891e-02 1.476966135735563110e-02 3.041519416414498883e-02 1.448092912095539676e-02 6.245367234124768116e-03 1.320134691480381872e-02
3.809628615373578109e-01 3.367230529138357520e-01 1.474090269811678400e-01 nan 2.476136336469768606e-01 2.272740130512162782e-01 5.801428014375035330e-02 5.371694878046719829e-02 2.575442736459629400e-02 1.049329530973998337e-01 3.450531952669395885e-02 6.196643210878104852e-02 1.607383185605434639e-01 1.832967502522322156e-01 1.423580187599807548e-02 2.476136336469768606e-01 1.518121915780855369e-01 7.563795805149668705e-02 1.474090269811678400e-01 2.022694440619842438e-01 5.474546188276165071e-02 8.504638865609259746e-02 1.187712532832855272e-01 3.058305405346752048e-02 nan 8.310885397950674991e-02 7.385037013868267497e-02 1.145897437815996886e-02 3.264909628698001859e-02 2.207113521520214644e-02 5.875114925458948395e-02 6.351791197554447488e-02 9.413839991354819303e-02 3.143231084385721130e-02 4.596900577156398660e-02 4.366891660090118504e-02 1.241817997430071097e-01 5.926456918054285455e-02 2.694338315274890164e-02 1.518121915780855369e-01 4.298797659802873483e-02 1.889014820207971651e-02 6.832660215102209431e-03 1.259374675404847065e-02 9.214245005105783232e-03 3.521157558392280784e-02 1.028746985346949347e-02 1.663838172306188884e-02 3.575697546983003239e-02 1.912138560451818320e-02 1.529648104954122942e-02 2.165651017265034575e-02 1.989528873304557272e-02 1.803381190025291417e-02 3.898046517172237130e-02 1.867948397062510132e-02 2.343044111243065830e-02 2.808902272944069009e-02 1.484354915936584793e-02 2.396779518558166122e-02 2.718136272412727816e-01 2.951701978434177753e-02 2.854008312915577369e-02 1.494845519776804264e-02 1.489996829678085465e-02 1.349735579499340178e-02 1.966687174928824500e-02 1.906743609413426646e-02 3.376764829452219563e-02 1.926812519870253412e-02 7.441799098017780334e-03 2.248232795715035537e-02
nan nan 2.099641619349884580e-01 nan 1.707693057414993720e-01 3.809628615373578109e-01 1.438192838647300020e-01 9.099106753621995225e-02 4.557173259106547802e-02 1.821209058191011199e-01 2.921324085876983445e-02 1.092469815160791446e-01 1.821209058191011199e-01 2.476136336469768606e-01 2.451230669898002770e-02 4.357751717092057109e-01 2.718136272412727816e-01 3.809628615373578109e-01 1.607383185605434639e-01 1.950677444450527043e-01 5.046221317221189634e-02 5.240836858943999366e-02 1.438192838647300020e-01 3.582558740493173299e-02 nan 7.756004063716698260e-02 4.761345073695705254e-02 3.626828123119427844e-02 1.920858991702123833e-02 1.197630447461611042e-02 2.325340392429598238e-02 4.761345073695705254e-02 1.301063895550240157e-01 3.739781637928441677e-02 6.924412100773102985e-02 1.372853536837529975e-01 1.607383185605434639e-01 8.025505355898272797e-02 4.366891660090118504e-02 1.607383185605434639e-01 4.834515213286450647e-02 2.387029844215265290e-02 1.307565117942715606e-02 1.175045517744351120e-02 1.030046148789627927e-02 3.319903930511520357e-02 1.283158320678638893e-02 2.840706065605401454e-02 3.903681510649337910e-02 3.543997558913116602e-02 2.282603464591288767e-02 2.982821674023880196e-02 3.502449644592948996e-02 2.067658664217113945e-02 4.365096315821041795e-02 1.932605897998932246e-02 3.254835399892989228e-02 1.975966260049446394e-02 2.870653400525233906e-02 2.846306853355897934e-02 2.272740130512162782e-01 3.371120093957039043e-02 2.629405114505639976e-02 1.823798204615227625e-02 1.342613405104419073e-02 1.300212269981467633e-02 1.671383737294277264e-02 1.440045755746619145e-02 2.769961817487154657e-02 2.063629319639870285e-02 1.055364557350199108e-02 3.105987968297720461e-02
