4.337016574585635387e-01 1.706036745406824262e-01 2.560000000000000053e-01 1.482254697286012612e-01 3.295668549905838018e-01 2.051282051282051211e-01 3.145299145299145227e-01 1.032028469750889688e-01 1.464646464646464641e-01 1.268436578171091567e-01 5.555555555555555247e-02 nan nan nan nan nan nan nan nan nan nan nan
1.225296442687747039e-01 5.594202898550724168e-01 3.405639913232104132e-01 3.009708737864077444e-01 3.082352941176470518e-01 2.863849765258216218e-01 1.375358166189111775e-01 2.496782496782496696e-01 3.025048169556839861e-01 2.124352331606217670e-01 nan nan nan nan nan nan nan nan nan nan nan nan
1.871794871794871806e-01 3.700189753320682895e-01 5.354752342704149903e-01 2.766570605187320120e-01 2.662229617304492368e-01 2.124352331606217670e-01 1.470019342359767944e-01 1.902071563088512107e-01 1.473396998635743416e-01 1.007194244604316530e-01 nan nan 1.349693251533742311e-01 6.097560975609755962e-02 5.988023952095808400e-02 nan nan nan 1.044776119402985037e-01 nan 5.333333333333333676e-02 nan
1.005291005291005235e-01 4.029484029484029506e-01 2.846715328467153139e-01 5.279672578444747355e-01 1.371115173674588572e-01 1.167512690355329980e-01 8.088235294117647467e-02 3.121783876500857646e-01 2.769461077844311281e-01 2.098445595854922241e-01 nan nan nan nan 1.093750000000000000e-01 nan nan nan 9.433962264150944077e-02 1.000000000000000056e-01 nan nan
3.082191780821917915e-01 3.743589743589743613e-01 2.508591065292096189e-01 2.232472324723247248e-01 6.337522441651705085e-01 3.928571428571428492e-01 4.021505376344086113e-01 1.599045346062052397e-01 2.378947368421052699e-01 1.792260692464358318e-01 nan 8.974358974358974395e-02 nan nan nan nan 3.793103448275861878e-01 3.380281690140845008e-01 nan nan nan nan
2.578947368421052877e-01 3.063829787234042534e-01 2.226720647773279271e-01 2.340425531914893664e-01 4.041916167664670878e-01 5.286343612334801767e-01 4.109589041095890183e-01 1.726315789473684137e-01 3.130699088145896813e-01 2.781250000000000111e-01 nan nan nan nan nan nan nan nan nan nan nan nan
2.765957446808510745e-01 1.787234042553191571e-01 2.446555819477434779e-01 1.088888888888888823e-01 3.274336283185840801e-01 3.185185185185185341e-01 5.718194254445964075e-01 1.584385763490241128e-01 1.490384615384615363e-01 1.218637992831541200e-01 nan 1.941747572815533951e-01 nan nan nan nan nan 2.698412698412698263e-01 nan nan nan nan
8.495145631067961556e-02 2.580993520518358730e-01 1.472929936305732435e-01 3.392200147167034330e-01 1.643990929705215487e-01 1.594827586206896686e-01 9.433962264150944077e-02 5.616942909760589409e-01 4.515570934256055158e-01 4.014752370916754298e-01 nan nan 4.761904761904761640e-02 nan 1.195652173913043514e-01 nan nan nan 2.307692307692307820e-01 1.983805668016194457e-01 8.999999999999999667e-02 nan
9.602649006622517025e-02 3.462246777163904277e-01 2.643540669856459524e-01 3.253182461103253376e-01 2.336448598130841103e-01 2.813688212927756838e-01 1.437308868501528947e-01 4.535564853556485199e-01 6.256281407035175768e-01 5.712187958883994110e-01 nan nan nan nan 2.432432432432432567e-01 nan nan nan 2.307692307692307820e-01 2.750000000000000222e-01 4.153846153846154077e-01 nan
1.622418879056047314e-01 3.054187192118226757e-01 1.536926147704590906e-01 2.431192660550458851e-01 1.915708812260536464e-01 1.571428571428571397e-01 1.526315789473684237e-01 3.720703125000000000e-01 5.491679273827534402e-01 6.144975288303130556e-01 nan nan nan nan nan nan nan nan nan nan nan nan
8.256880733944954587e-02 nan 1.639344262295082053e-02 nan nan nan nan nan nan nan 4.675028506271379780e-01 2.036727879799666019e-01 3.454913880445795171e-01 1.954261954261954370e-01 1.809954751131221673e-01 1.245421245421245438e-01 3.007812500000000000e-01 3.549190535491905107e-01 1.658163265306122347e-01 1.421568627450980338e-01 1.530815109343936498e-01 6.006006006006005954e-02
2.181818181818181712e-01 nan nan nan 1.694915254237288060e-01 nan 2.336448598130841103e-01 nan nan nan 2.150706436420722067e-01 4.824902723735408627e-01 1.380000000000000115e-01 9.002433090024331008e-02 1.909677419354838812e-01 4.097087378640776878e-01 2.794117647058823595e-01 2.875131164742917300e-01 4.081632653061224164e-02 7.031250000000000000e-02 1.220825852782764787e-01 1.120943952802359866e-01
nan nan 1.521739130434782705e-01 nan nan nan nan nan nan nan 2.694877505567928599e-01 1.260647359454855065e-01 5.127420998980631861e-01 2.884012539184953039e-01 3.048327137546468224e-01 1.209302325581395332e-01 1.728971962616822344e-01 2.450980392156862642e-01 1.354723707664884091e-01 9.670987038883349651e-02 1.095505617977528129e-01 4.950495049504950729e-02
nan nan nan nan nan nan nan nan nan nan 1.632653061224489666e-01 5.999999999999999778e-02 2.419354838709677491e-01 5.340425531914894108e-01 3.528708133971291683e-01 2.593984962406015171e-01 5.588235294117647189e-01 2.596685082872928207e-01 3.052884615384615641e-01 2.897033158813263620e-01 3.568376068376068466e-01 2.507042253521126751e-01
nan 1.206896551724137984e-01 6.060606060606060774e-02 1.445086705202312249e-01 nan nan nan 7.608695652173913526e-02 nan nan 1.025641025641025605e-01 7.784431137724551197e-02 2.486812358703843207e-01 3.512035010940919300e-01 3.995771670190274572e-01 1.287878787878787845e-01 9.547738693467336391e-02 1.700975081256771437e-01 2.223756906077347939e-01 1.888317413666421862e-01 2.161835748792270417e-01 1.061007957559681747e-01
nan nan nan nan nan nan 3.170731707317073211e-01 nan nan nan 1.463068181818181768e-01 3.840000000000000080e-01 1.452879581151832467e-01 2.420856610800744824e-01 1.895348837209302195e-01 5.668358714043992830e-01 4.953271028037383172e-01 3.337819650067294641e-01 1.320754716981132060e-01 2.436194895591647369e-01 2.627737226277372384e-01 2.318059299191374545e-01
nan nan nan nan nan nan nan nan nan nan 2.743362831858406903e-01 2.361111111111111049e-01 1.574344023323615283e-01 3.132530120481927804e-01 1.533923303834808238e-01 4.623115577889447270e-01 6.159420289855072062e-01 3.152542372881356192e-01 1.273584905660377353e-01 1.977077363896848072e-01 2.690058479532163593e-01 2.838283828382838214e-01
nan nan nan nan nan nan 1.617647058823529493e-01 nan nan nan 2.762691853600944270e-01 3.462532299741601927e-01 2.344753747323340409e-01 1.921487603305785108e-01 1.890909090909090873e-01 2.964224872231686625e-01 2.624113475177304866e-01 4.627329192546583703e-01 5.092592592592592310e-02 1.065693430656934337e-01 1.034482758620689641e-01 4.519774011299435013e-02
nan nan 1.186440677966101725e-01 nan nan nan nan 4.122807017543859698e-01 nan nan 1.622641509433962181e-01 1.121951219512195147e-01 2.196969696969696961e-01 3.488372093023255904e-01 2.600536193029490684e-01 1.088082901554404125e-01 2.608695652173912971e-01 6.810035842293907238e-02 6.935483870967742437e-01 5.639386189258311921e-01 4.950495049504950451e-01 3.842364532019704182e-01
nan nan nan nan nan nan nan 3.825136612021857729e-01 2.968750000000000000e-01 nan 1.133093525179856148e-01 5.952380952380952051e-02 1.077844311377245540e-01 2.918660287081339955e-01 2.069701280227596030e-01 1.243902439024390238e-01 1.628959276018099589e-01 7.554671968190854181e-02 5.150273224043715459e-01 5.203665987780040636e-01 4.593796159527326339e-01 2.398703403565640158e-01
nan nan nan nan nan nan nan 1.747572815533980639e-01 4.328358208955223607e-01 3.333333333333333148e-01 1.122244488977955923e-01 8.943089430894309022e-02 1.442715700141442847e-01 3.403041825095057260e-01 2.215973003374578087e-01 2.724719101123595499e-01 3.184079601990049690e-01 6.401766004415010425e-02 5.175438596491228616e-01 4.951321279554937171e-01 7.072243346007605069e-01 5.378640776699029624e-01
nan nan nan nan nan nan nan nan nan 2.166666666666666741e-01 4.216867469879517771e-02 8.469055374592833474e-02 7.027027027027027417e-02 2.178217821782178210e-01 1.328767123287671326e-01 3.028169014084506894e-01 3.218390804597701105e-01 9.677419354838709409e-02 3.496801705756929501e-01 2.585949177877429062e-01 5.379609544468546556e-01 5.394402035623410141e-01
