nan nan nan nan nan nan nan nan nan nan nan nan nan nan nan nan nan nan 7.851562500000000000e+01 nan 6.582031200000000126e+01 8.075000000000000000e+01 nan 6.800000000000000000e+01 nan 7.802734399999999937e+01 8.461914099999999905e+01 7.265625000000000000e+01 7.656250000000000000e+01 5.703125000000000000e+01 7.052734399999999937e+01 nan nan nan nan nan nan nan nan nan nan nan nan nan nan nan nan nan nan nan nan nan nan nan nan nan nan nan nan nan nan nan nan nan nan nan nan nan nan nan nan nan
nan nan nan nan nan nan nan nan nan nan 4.267968799999999874e+01 nan nan nan 5.312500000000000000e+01 nan nan nan nan nan nan nan nan 6.100000000000000000e+01 nan 6.600000000000000000e+01 6.777343799999999874e+01 6.222265600000000063e+01 5.334375000000000000e+01 7.275000000000000000e+01 8.200000000000000000e+01 nan nan 7.250000000000000000e+01 nan nan nan nan nan nan nan nan nan nan nan nan nan nan nan nan nan nan nan nan nan nan nan nan nan nan nan nan nan nan nan nan nan nan nan nan nan nan
nan nan nan nan nan nan nan nan nan nan nan nan nan nan nan nan nan nan 7.788476599999999905e+01 nan nan nan nan 6.100000000000000000e+01 nan 7.085156200000000126e+01 6.689843799999999874e+01 7.265625000000000000e+01 5.300000000000000000e+01 6.714257800000000032e+01 8.046875000000000000e+01 nan nan 8.144531200000000126e+01 nan nan nan nan nan nan nan nan nan nan nan nan nan nan nan nan nan nan nan nan nan nan nan nan nan nan nan nan nan nan nan nan nan nan nan nan nan nan
nan nan nan nan nan nan nan nan nan nan nan nan nan nan nan nan nan nan 7.700000000000000000e+01 nan nan 8.160839799999999400e+01 nan 7.000000000000000000e+01 nan 5.700000000000000000e+01 6.289062500000000000e+01 6.700000000000000000e+01 5.600000000000000000e+01 7.900000000000000000e+01 7.350000000000000000e+01 7.737500000000000000e+01 7.460937500000000000e+01 7.433203100000000063e+01 nan nan nan nan nan nan nan nan nan nan nan nan nan nan nan nan nan nan nan nan nan nan nan nan nan nan nan nan nan nan 8.484375000000000000e+01 nan nan nan nan nan nan nan
nan nan nan nan nan nan nan nan nan nan nan nan nan nan 7.924609399999999937e+01 nan nan 8.144531200000000126e+01 8.250000000000000000e+01 nan 8.400000000000000000e+01 nan nan 5.576953100000000063e+01 nan 7.689062500000000000e+01 7.887890600000000063e+01 7.135156200000000126e+01 8.046875000000000000e+01 7.900000000000000000e+01 8.900000000000000000e+01 nan 8.650000000000000000e+01 nan nan nan nan nan nan nan nan nan nan nan nan nan nan nan nan nan nan nan nan nan nan nan nan nan nan nan nan nan nan nan nan nan nan nan nan nan nan nan
nan nan nan nan nan nan nan nan nan nan nan nan nan nan nan nan nan 6.294531200000000126e+01 nan nan nan nan nan 5.948437500000000000e+01 nan 7.265625000000000000e+01 6.275000000000000000e+01 4.677734399999999937e+01 6.100000000000000000e+01 8.073437500000000000e+01 nan nan nan nan nan nan nan nan nan nan nan nan nan nan nan nan nan nan nan nan nan nan nan nan nan nan nan nan nan nan nan nan nan nan nan nan nan nan nan nan nan nan
nan nan nan nan nan nan nan nan nan nan nan nan nan 7.656250000000000000e+01 7.460937500000000000e+01 8.242187500000000000e+01 8.437500000000000000e+01 8.144531200000000126e+01 6.175000000000000000e+01 nan 6.679687500000000000e+01 nan nan 4.921875000000000000e+01 nan 7.656250000000000000e+01 7.802734399999999937e+01 6.484375000000000000e+01 7.924804699999999968e+01 6.875000000000000000e+01 nan nan nan nan nan nan nan nan nan nan nan nan nan nan nan nan nan nan nan nan nan nan nan nan nan nan nan nan nan nan nan nan nan nan nan 7.387695300000000032e+01 nan nan nan nan nan nan
nan nan nan nan nan nan nan 7.900000000000000000e+01 6.950000000000000000e+01 nan 7.000000000000000000e+01 nan nan nan 7.851562500000000000e+01 nan nan 7.724609399999999937e+01 7.265625000000000000e+01 nan nan 7.400000000000000000e+01 nan 7.667187500000000000e+01 nan 4.921875000000000000e+01 5.014648400000000095e+01 7.265625000000000000e+01 7.314453100000000063e+01 7.753906200000000126e+01 6.672265600000000063e+01 8.022460900000000095e+01 7.070312500000000000e+01 5.985937500000000000e+01 9.000000000000000000e+01 nan nan nan nan nan nan nan nan nan nan nan nan nan nan nan nan nan nan nan nan nan nan nan nan nan nan nan 7.460937500000000000e+01 nan nan nan nan nan nan nan nan nan
nan nan nan nan nan nan nan nan 7.705078100000000063e+01 nan 6.093750000000000000e+01 nan nan nan 7.514648400000000095e+01 nan nan 7.265625000000000000e+01 7.150976599999999905e+01 nan nan 8.632812500000000000e+01 nan 8.046875000000000000e+01 nan 4.400000000000000000e+01 5.500000000000000000e+01 6.093750000000000000e+01 7.100000000000000000e+01 7.628125000000000000e+01 6.777343799999999874e+01 7.500000000000000000e+01 6.508789099999999905e+01 5.703125000000000000e+01 nan nan nan nan nan nan nan nan nan nan nan nan nan nan nan nan nan nan nan nan nan nan nan nan nan nan nan nan nan nan nan nan nan nan nan nan nan nan
nan nan nan nan nan nan nan nan 6.484375000000000000e+01 nan 5.605468799999999874e+01 nan nan nan 7.500000000000000000e+01 nan nan 6.950000000000000000e+01 7.075000000000000000e+01 nan 7.397460900000000095e+01 7.923437500000000000e+01 nan 7.265625000000000000e+01 nan 4.339453100000000063e+01 6.500000000000000000e+01 5.141601599999999905e+01 7.381640600000000063e+01 7.445703100000000063e+01 6.893750000000000000e+01 nan 7.216796899999999937e+01 5.576953100000000063e+01 nan nan nan nan nan nan nan nan nan nan nan nan nan nan nan nan nan nan nan nan nan nan nan nan nan nan nan nan nan 6.850000000000000000e+01 nan nan nan nan nan nan nan nan
nan nan nan nan nan nan nan nan nan nan nan nan nan nan nan nan nan nan nan nan nan nan nan nan nan nan nan nan nan nan nan nan nan nan nan nan nan nan nan nan nan nan nan nan 7.085156200000000126e+01 nan nan nan nan nan nan nan nan nan 7.265625000000000000e+01 nan 8.100000000000000000e+01 8.046875000000000000e+01 nan 7.216796899999999937e+01 nan 8.828125000000000000e+01 8.487500000000000000e+01 8.437500000000000000e+01 7.265625000000000000e+01 6.289062500000000000e+01 7.500000000000000000e+01 7.700000000000000000e+01 8.100000000000000000e+01 nan nan nan
nan nan nan nan nan nan nan nan nan nan nan nan nan nan nan nan nan nan nan nan nan nan nan nan nan nan nan nan nan 7.495703100000000063e+01 nan nan nan nan nan nan nan nan nan nan nan nan nan nan nan nan nan nan nan nan 5.703125000000000000e+01 7.500634800000000268e+01 nan nan 7.656250000000000000e+01 nan 6.975000000000000000e+01 nan 6.120312500000000000e+01 6.390039099999999905e+01 nan 8.428125000000000000e+01 8.800000000000000000e+01 7.200000000000000000e+01 7.460937500000000000e+01 6.850000000000000000e+01 nan nan nan 8.925000000000000000e+01 nan nan
nan nan nan nan nan nan nan nan nan nan nan nan nan nan nan nan nan nan nan nan nan nan nan nan nan nan nan nan nan nan nan nan nan nan nan nan nan nan nan nan nan nan nan nan nan nan nan nan nan nan nan nan nan nan 7.875781200000000126e+01 nan 7.600000000000000000e+01 8.287500000000000000e+01 nan 6.093750000000000000e+01 nan 7.949218799999999874e+01 7.490234399999999937e+01 5.123290999999999684e+01 6.197851599999999905e+01 6.911914099999999905e+01 7.614062500000000000e+01 7.726953100000000063e+01 7.900000000000000000e+01 6.619921899999999937e+01 nan nan
nan nan nan nan nan nan nan nan nan nan nan nan nan nan nan nan nan nan nan nan nan nan nan nan nan nan nan nan nan nan nan nan nan nan nan nan nan nan nan nan nan nan nan nan nan nan nan nan nan nan nan nan nan nan 7.100000000000000000e+01 nan nan nan nan 5.117187500000000000e+01 nan 6.800000000000000000e+01 6.800000000000000000e+01 5.377685499999999763e+01 5.312500000000000000e+01 7.700000000000000000e+01 8.000000000000000000e+01 nan 7.656250000000000000e+01 8.012500000000000000e+01 nan nan
nan nan nan nan nan nan nan nan nan nan nan nan nan nan nan nan nan nan nan nan nan nan nan nan nan nan nan nan nan nan nan nan nan nan nan nan nan nan nan nan nan nan nan nan nan nan nan nan nan nan nan nan nan nan 7.150000000000000000e+01 nan 6.975000000000000000e+01 7.100000000000000000e+01 nan 6.625000000000000000e+01 nan 6.484375000000000000e+01 7.092578100000000063e+01 5.309375000000000000e+01 6.093750000000000000e+01 7.400000000000000000e+01 8.072851599999999905e+01 7.725000000000000000e+01 7.543945300000000032e+01 8.221093799999999874e+01 nan nan
nan nan nan nan nan nan nan nan nan nan nan nan nan nan nan nan nan nan nan nan nan nan nan nan nan nan nan nan nan nan nan nan nan nan nan nan nan nan nan nan nan nan nan nan nan nan nan nan nan 8.046875000000000000e+01 7.480468799999999874e+01 9.200000000000000000e+01 7.257226599999999905e+01 7.838671899999999937e+01 9.200000000000000000e+01 nan 7.925000000000000000e+01 nan 8.765234399999999937e+01 4.531250000000000000e+01 nan 7.265625000000000000e+01 7.753906200000000126e+01 6.093750000000000000e+01 7.589648400000000095e+01 6.875000000000000000e+01 nan nan nan 7.460937500000000000e+01 nan nan
nan nan nan nan nan nan nan nan nan nan nan nan nan nan nan nan nan nan nan nan nan nan nan nan nan nan nan nan nan nan nan nan nan nan nan nan nan nan nan nan nan nan nan nan nan nan nan nan nan nan nan nan nan 8.242187500000000000e+01 5.703125000000000000e+01 nan nan nan nan 4.921875000000000000e+01 nan 6.488281200000000126e+01 7.700000000000000000e+01 5.300000000000000000e+01 6.875006700000000137e+01 7.558593799999999874e+01 nan nan nan nan nan nan
nan nan nan nan nan nan nan nan nan nan nan nan nan nan nan nan nan nan nan nan nan nan nan nan nan nan nan nan nan nan nan nan nan nan nan nan nan nan nan nan nan nan nan nan nan nan nan nan nan nan nan 7.212890600000000063e+01 nan 8.782617199999999968e+01 7.600000000000000000e+01 nan 5.800000000000000000e+01 nan nan 5.117187500000000000e+01 nan 8.614502000000000237e+01 7.875000000000000000e+01 6.800000000000000000e+01 6.818750000000000000e+01 7.200000000000000000e+01 9.100000000000000000e+01 nan 8.100000000000000000e+01 nan nan nan
nan nan nan nan nan nan nan nan nan nan nan nan nan nan nan nan nan nan nan nan nan nan nan nan nan nan nan nan nan nan nan nan nan nan nan nan nan nan nan nan nan nan nan nan 7.753125000000000000e+01 nan 7.753906200000000126e+01 nan nan nan 7.656250000000000000e+01 nan nan 8.500000000000000000e+01 8.100000000000000000e+01 nan nan 8.344335900000000095e+01 nan 7.465820300000000032e+01 nan 6.704101599999999905e+01 4.900000000000000000e+01 6.321679699999999968e+01 7.257812500000000000e+01 8.242187500000000000e+01 6.954492199999999968e+01 7.924804699999999968e+01 7.119140600000000063e+01 5.703125000000000000e+01 nan nan
nan nan nan nan nan nan nan nan nan nan nan nan nan nan nan nan nan nan nan nan nan nan nan nan nan nan 5.587500000000000000e+01 nan nan nan nan nan nan nan nan nan nan nan nan nan nan nan nan nan 6.525000000000000000e+01 nan 5.725000000000000000e+01 nan nan nan nan nan nan 8.242187500000000000e+01 nan nan nan 7.600000000000000000e+01 nan 7.000000000000000000e+01 nan 5.378125000000000000e+01 4.800000000000000000e+01 5.375000000000000000e+01 7.200000000000000000e+01 8.000000000000000000e+01 7.070312500000000000e+01 7.950000000000000000e+01 6.150000000000000000e+01 6.191406200000000126e+01 nan nan
nan nan nan nan nan nan nan nan nan nan nan nan nan nan nan nan nan nan nan nan nan nan nan nan nan nan nan nan nan nan nan nan nan nan nan nan nan nan nan nan nan nan nan nan 7.265625000000000000e+01 nan 6.820068399999999542e+01 nan nan nan 6.589843799999999874e+01 nan nan 7.583007800000000032e+01 7.265625000000000000e+01 nan nan nan nan 6.875000000000000000e+01 nan 4.726562500000000000e+01 5.553906200000000126e+01 6.289062500000000000e+01 7.381640600000000063e+01 7.460937500000000000e+01 7.490234399999999937e+01 nan 7.400000000000000000e+01 5.263671899999999937e+01 nan nan
nan nan nan nan nan nan nan nan nan nan nan nan nan nan nan nan nan nan nan nan nan nan nan nan nan nan nan nan nan nan nan nan nan nan nan nan nan nan nan nan nan nan nan nan 7.900000000000000000e+01 nan 4.905468799999999874e+01 nan nan 8.400000000000000000e+01 6.200000000000000000e+01 nan nan 7.060156200000000126e+01 7.678125000000000000e+01 nan 8.762500000000000000e+01 nan nan 7.070312500000000000e+01 nan 4.921875000000000000e+01 6.252441400000000016e+01 5.703125000000000000e+01 6.900000000000000000e+01 8.437500000000000000e+01 7.850000000000000000e+01 nan 8.010253899999999305e+01 5.898437500000000000e+01 nan nan
