1.992187500000000000e+01 3.700000000000000000e+01 2.263867199999999968e+01 3.600000000000000000e+01 2.242578100000000063e+01 nan 2.187500000000000000e+01 4.451953100000000063e+01 3.419531200000000126e+01 nan nan nan nan nan nan nan nan nan nan nan nan nan
nan 1.500000000000000000e+01 1.406250000000000000e+01 2.275000000000000000e+01 2.050000000000000000e+01 1.900000000000000000e+01 nan 3.200000000000000000e+01 2.400000000000000000e+01 2.724609399999999937e+01 nan nan nan nan nan nan nan nan nan nan nan nan
2.800000000000000000e+01 1.500000000000000000e+01 1.500000000000000000e+01 1.998046899999999937e+01 2.067382800000000032e+01 nan 2.529296899999999937e+01 1.725000000000000000e+01 3.847656200000000126e+01 3.244531200000000126e+01 nan nan nan nan nan nan nan nan nan nan nan nan
nan 1.800000000000000000e+01 2.200000000000000000e+01 1.996093799999999874e+01 3.129687500000000000e+01 nan nan 2.165625000000000000e+01 2.000000000000000000e+01 2.200000000000000000e+01 nan nan nan nan nan nan nan nan nan nan nan nan
2.187500000000000000e+01 2.407910199999999890e+01 2.211914099999999905e+01 3.800000000000000000e+01 1.992187500000000000e+01 2.187500000000000000e+01 2.440234399999999937e+01 3.950000000000000000e+01 3.500000000000000000e+01 3.375000000000000000e+01 nan nan nan nan nan nan nan nan nan nan nan nan
nan 2.213867199999999968e+01 2.382812500000000000e+01 2.539062500000000000e+01 1.971679699999999968e+01 1.799218799999999874e+01 3.359375000000000000e+01 2.976562500000000000e+01 2.539062500000000000e+01 2.600000000000000000e+01 nan nan nan nan nan nan nan nan nan nan nan nan
2.736816400000000016e+01 4.300000000000000000e+01 2.025000000000000000e+01 nan 2.504882800000000032e+01 2.187500000000000000e+01 1.300000000000000000e+01 3.100000000000000000e+01 4.700000000000000000e+01 4.482421899999999937e+01 nan nan nan nan nan nan nan nan nan nan nan nan
nan 2.325000000000000000e+01 3.500000000000000000e+01 2.480468799999999874e+01 3.500000000000000000e+01 2.245703100000000063e+01 4.675000000000000000e+01 1.796875000000000000e+01 1.992187500000000000e+01 2.200000000000000000e+01 nan nan nan nan nan nan nan nan nan nan nan nan
nan 2.475000000000000000e+01 3.500000000000000000e+01 2.320703100000000063e+01 4.400000000000000000e+01 2.800000000000000000e+01 nan 1.923046899999999937e+01 1.700000000000000000e+01 1.600000000000000000e+01 nan nan nan nan nan nan nan nan nan nan nan nan
3.250000000000000000e+01 3.541015600000000063e+01 4.500000000000000000e+01 2.725000000000000000e+01 2.900000000000000000e+01 2.242578100000000063e+01 4.946289099999999905e+01 2.700000000000000000e+01 1.700000000000000000e+01 1.600000000000000000e+01 nan nan nan nan nan nan nan nan nan nan nan nan
nan nan nan nan nan nan nan nan nan nan 1.700000000000000000e+01 2.999267599999999945e+01 2.480297300000000149e+01 3.212890600000000063e+01 3.542480499999999921e+01 2.090625000000000000e+01 3.100000000000000000e+01 2.400000000000000000e+01 3.900000000000000000e+01 3.250000000000000000e+01 5.200000000000000000e+01 nan
nan nan nan nan nan nan nan nan nan nan 3.164062500000000000e+01 2.187500000000000000e+01 3.314843799999999874e+01 nan 3.800000000000000000e+01 1.700000000000000000e+01 2.200000000000000000e+01 1.500000000000000000e+01 nan nan 5.999023400000000095e+01 nan
nan nan nan nan nan nan nan nan nan nan 2.000000000000000000e+01 3.202343799999999874e+01 2.187500000000000000e+01 2.700000000000000000e+01 2.190625000000000000e+01 1.900000000000000000e+01 nan 2.000000000000000000e+01 3.005371099999999984e+01 3.600000000000000000e+01 3.402050799999999953e+01 nan
nan nan nan nan nan nan nan nan nan nan 4.421386700000000047e+01 nan 2.578125000000000000e+01 2.187500000000000000e+01 2.382812500000000000e+01 2.200000000000000000e+01 2.773437500000000000e+01 2.044140600000000063e+01 2.919921899999999937e+01 2.718359399999999937e+01 2.934375000000000000e+01 2.578125000000000000e+01
nan nan nan nan nan nan nan nan nan nan 3.275000000000000000e+01 nan 2.500000000000000000e+01 2.285156200000000126e+01 1.969140600000000063e+01 2.100000000000000000e+01 nan 3.200000000000000000e+01 2.773437500000000000e+01 2.850000000000000000e+01 3.300000000000000000e+01 2.700000000000000000e+01
nan nan nan nan nan nan nan nan nan nan 4.000000000000000000e+01 1.799218799999999874e+01 3.750000000000000000e+01 2.700000000000000000e+01 2.700000000000000000e+01 1.700000000000000000e+01 1.750000000000000000e+01 2.296289099999999905e+01 nan 3.945312500000000000e+01 4.571679699999999968e+01 3.408203100000000063e+01
nan nan nan nan nan nan nan nan nan nan 4.290332000000000079e+01 3.310546899999999937e+01 3.475000000000000000e+01 2.431640600000000063e+01 3.400000000000000000e+01 1.943359399999999937e+01 1.100000000000000000e+01 2.236328100000000063e+01 nan 4.433593799999999874e+01 2.712402300000000110e+01 2.190625000000000000e+01
nan nan nan nan nan nan nan nan nan nan 2.302392599999999945e+01 1.601562500000000000e+01 1.996093799999999874e+01 2.300000000000000000e+01 2.700000000000000000e+01 1.992187500000000000e+01 1.600000000000000000e+01 1.501953100000000063e+01 nan 3.300000000000000000e+01 3.314843799999999874e+01 nan
nan nan nan nan nan nan nan nan nan nan nan nan 4.006347699999999890e+01 2.773437500000000000e+01 3.575000000000000000e+01 nan nan nan 1.601562500000000000e+01 1.992187500000000000e+01 2.296289099999999905e+01 2.656835900000000095e+01
nan nan nan nan nan nan nan 4.873046899999999937e+01 nan nan 2.900000000000000000e+01 nan 3.375000000000000000e+01 2.589062500000000000e+01 2.500000000000000000e+01 3.200000000000000000e+01 nan nan 1.992187500000000000e+01 2.187500000000000000e+01 2.578125000000000000e+01 2.550000000000000000e+01
nan nan nan nan nan nan nan nan nan nan 3.475000000000000000e+01 nan 3.389892600000000300e+01 2.919921899999999937e+01 3.550000000000000000e+01 2.500000000000000000e+01 2.883300799999999953e+01 nan 2.263867199999999968e+01 2.571093799999999874e+01 1.700000000000000000e+01 2.187500000000000000e+01
nan nan nan nan nan nan nan nan nan nan nan nan nan 2.650000000000000000e+01 4.335937500000000000e+01 3.041015600000000063e+01 1.404705399999999926e+01 nan 2.773437500000000000e+01 2.968750000000000000e+01 2.275000000000000000e+01 1.998046899999999937e+01
