5.200000000000000000e+01 8.200000000000000000e+01 6.337890600000000063e+01 8.250000000000000000e+01 6.435546899999999937e+01 nan 6.875000000000000000e+01 8.461914099999999905e+01 8.046875000000000000e+01 nan nan nan nan nan nan nan nan nan nan nan nan nan
nan 3.945312500000000000e+01 4.531250000000000000e+01 5.225000000000000000e+01 5.507812500000000000e+01 4.900000000000000000e+01 nan 6.752929699999999968e+01 6.484375000000000000e+01 6.875000000000000000e+01 nan nan nan nan nan nan nan nan nan nan nan nan
6.484375000000000000e+01 4.170312500000000000e+01 4.300000000000000000e+01 5.359375000000000000e+01 5.117187500000000000e+01 nan 6.950000000000000000e+01 6.679687500000000000e+01 7.141406200000000126e+01 6.337890600000000063e+01 nan nan nan nan nan nan nan nan nan nan nan nan
nan 5.166015600000000063e+01 5.450000000000000000e+01 4.628906200000000126e+01 6.500000000000000000e+01 nan nan 6.289062500000000000e+01 5.600000000000000000e+01 6.200000000000000000e+01 nan nan nan nan nan nan nan nan nan nan nan nan
7.726953100000000063e+01 6.875000000000000000e+01 7.543945300000000032e+01 8.300000000000000000e+01 5.703125000000000000e+01 6.781250000000000000e+01 5.214843799999999874e+01 7.887890600000000063e+01 6.500000000000000000e+01 8.632617199999999968e+01 nan nan nan nan nan nan nan nan nan nan nan nan
nan 5.525000000000000000e+01 6.484375000000000000e+01 5.206250000000000000e+01 6.396875000000000000e+01 5.312500000000000000e+01 5.948437500000000000e+01 6.275000000000000000e+01 7.167968799999999874e+01 7.265625000000000000e+01 nan nan nan nan nan nan nan nan nan nan nan nan
6.689843799999999874e+01 7.729492199999999968e+01 7.100000000000000000e+01 nan 5.312500000000000000e+01 6.093750000000000000e+01 4.140625000000000000e+01 7.802734399999999937e+01 8.046875000000000000e+01 7.192382800000000032e+01 nan nan nan nan nan nan nan nan nan nan nan nan
nan 6.985156200000000126e+01 7.500000000000000000e+01 6.875000000000000000e+01 7.460937500000000000e+01 7.045898400000000095e+01 8.707617199999999968e+01 5.000000000000000000e+01 4.726562500000000000e+01 5.703125000000000000e+01 nan nan nan nan nan nan nan nan nan nan nan nan
nan 6.093750000000000000e+01 7.265625000000000000e+01 7.399902299999999400e+01 7.900000000000000000e+01 7.465820300000000032e+01 nan 5.477539099999999905e+01 4.335937500000000000e+01 4.400000000000000000e+01 nan nan nan nan nan nan nan nan nan nan nan nan
6.787500000000000000e+01 7.651562500000000000e+01 7.656250000000000000e+01 6.893750000000000000e+01 6.875000000000000000e+01 5.400000000000000000e+01 8.375000000000000000e+01 6.484375000000000000e+01 4.664453100000000063e+01 4.238281200000000126e+01 nan nan nan nan nan nan nan nan nan nan nan nan
nan nan nan nan nan nan nan nan nan nan 4.921875000000000000e+01 6.831250000000000000e+01 6.600000000000000000e+01 7.302246100000000695e+01 7.818994100000000458e+01 7.520703100000000063e+01 8.900000000000000000e+01 6.630859399999999937e+01 8.800000000000000000e+01 8.144531200000000126e+01 8.779296899999999937e+01 nan
nan nan nan nan nan nan nan nan nan nan 7.265625000000000000e+01 7.800000000000000000e+01 7.500000000000000000e+01 nan 7.415234399999999937e+01 6.442187500000000000e+01 7.265625000000000000e+01 5.849609399999999937e+01 nan nan 8.522949199999999337e+01 nan
nan nan nan nan nan nan nan nan nan nan 6.856250000000000000e+01 6.130371099999999984e+01 5.084179699999999968e+01 5.039648400000000095e+01 5.687500000000000000e+01 6.145312500000000000e+01 nan 5.703125000000000000e+01 6.918164099999999905e+01 8.150000000000000000e+01 7.949218799999999874e+01 nan
nan nan nan nan nan nan nan nan nan nan 7.900390600000000063e+01 nan 5.400000000000000000e+01 4.244140600000000063e+01 5.700000000000000000e+01 5.100000000000000000e+01 6.093750000000000000e+01 5.075000000000000000e+01 7.119140600000000063e+01 6.794335900000000095e+01 6.492187500000000000e+01 5.600000000000000000e+01
nan nan nan nan nan nan nan nan nan nan 7.656250000000000000e+01 nan 6.750000000000000000e+01 5.312500000000000000e+01 4.905468799999999874e+01 5.849609399999999937e+01 nan 6.875000000000000000e+01 7.100000000000000000e+01 7.070312500000000000e+01 6.975000000000000000e+01 5.228125000000000000e+01
nan nan nan nan nan nan nan nan nan nan 8.046875000000000000e+01 5.153125000000000000e+01 8.147851599999999905e+01 7.125976599999999905e+01 7.504882800000000032e+01 3.798828100000000063e+01 4.719921899999999937e+01 5.700781200000000126e+01 nan 7.400000000000000000e+01 7.387695300000000032e+01 6.975000000000000000e+01
nan nan nan nan nan nan nan nan nan nan 7.680664099999999905e+01 7.085156200000000126e+01 6.484375000000000000e+01 6.655273400000000095e+01 7.050000000000000000e+01 6.023437500000000000e+01 3.600000000000000000e+01 5.800781200000000126e+01 nan 8.200000000000000000e+01 6.193554699999999968e+01 6.794335900000000095e+01
nan nan nan nan nan nan nan nan nan nan 6.478271499999999605e+01 5.446777300000000110e+01 6.700000000000000000e+01 5.500000000000000000e+01 6.346093799999999874e+01 5.581054699999999968e+01 4.980468799999999874e+01 4.997558599999999984e+01 nan 7.800000000000000000e+01 8.559375000000000000e+01 nan
nan nan nan nan nan nan nan nan nan nan nan nan 7.558593799999999874e+01 5.600000000000000000e+01 7.500000000000000000e+01 nan nan nan 4.800000000000000000e+01 4.900000000000000000e+01 6.684765600000000063e+01 6.818750000000000000e+01
nan nan nan nan nan nan nan 5.587500000000000000e+01 nan nan 8.321093799999999874e+01 nan 8.450000000000000000e+01 6.542187500000000000e+01 7.085156200000000126e+01 6.589843799999999874e+01 nan nan 4.726562500000000000e+01 4.800000000000000000e+01 5.306250000000000000e+01 5.464453100000000063e+01
nan nan nan nan nan nan nan nan nan nan 8.121777299999999400e+01 nan 7.291406200000000126e+01 6.350000000000000000e+01 7.600000000000000000e+01 6.679687500000000000e+01 5.555859399999999937e+01 nan 5.200000000000000000e+01 5.898437500000000000e+01 4.531250000000000000e+01 5.996093799999999874e+01
nan nan nan nan nan nan nan nan nan nan nan nan nan 5.378125000000000000e+01 7.460937500000000000e+01 7.070312500000000000e+01 4.887500000000000000e+01 nan 6.301269500000000079e+01 6.200000000000000000e+01 5.129394500000000079e+01 4.800000000000000000e+01
