3.164062500000000000e+01 5.312500000000000000e+01 4.628906200000000126e+01 5.703125000000000000e+01 4.100000000000000000e+01 nan 4.335937500000000000e+01 6.343359399999999937e+01 5.453906200000000126e+01 nan nan nan nan nan nan nan nan nan nan nan nan nan
nan 2.773437500000000000e+01 2.675781200000000126e+01 3.750000000000000000e+01 4.100000000000000000e+01 2.773437500000000000e+01 nan 4.531250000000000000e+01 4.200000000000000000e+01 4.713281200000000126e+01 nan nan nan nan nan nan nan nan nan nan nan nan
4.335937500000000000e+01 2.382812500000000000e+01 2.773437500000000000e+01 3.652343799999999874e+01 3.922656200000000126e+01 nan 5.117187500000000000e+01 4.219140600000000063e+01 5.158593799999999874e+01 4.950000000000000000e+01 nan nan nan nan nan nan nan nan nan nan nan nan
nan 2.425000000000000000e+01 3.700000000000000000e+01 2.968750000000000000e+01 5.000000000000000000e+01 nan nan 3.900000000000000000e+01 3.000000000000000000e+01 4.600000000000000000e+01 nan nan nan nan nan nan nan nan nan nan nan nan
4.100000000000000000e+01 4.140625000000000000e+01 4.650000000000000000e+01 5.300000000000000000e+01 3.600000000000000000e+01 3.922656200000000126e+01 4.140625000000000000e+01 5.701562500000000000e+01 4.921875000000000000e+01 5.410156200000000126e+01 nan nan nan nan nan nan nan nan nan nan nan nan
nan 3.200000000000000000e+01 4.400000000000000000e+01 3.300000000000000000e+01 3.945312500000000000e+01 2.968750000000000000e+01 4.615625000000000000e+01 5.000000000000000000e+01 4.775390600000000063e+01 5.400000000000000000e+01 nan nan nan nan nan nan nan nan nan nan nan nan
4.628906200000000126e+01 5.849609399999999937e+01 5.214843799999999874e+01 nan 4.000000000000000000e+01 3.554687500000000000e+01 2.578125000000000000e+01 5.605468799999999874e+01 5.507812500000000000e+01 5.651562500000000000e+01 nan nan nan nan nan nan nan nan nan nan nan nan
nan 4.650000000000000000e+01 6.093750000000000000e+01 4.531250000000000000e+01 4.600000000000000000e+01 5.010937500000000000e+01 6.777343799999999874e+01 2.968750000000000000e+01 3.554687500000000000e+01 4.042968799999999874e+01 nan nan nan nan nan nan nan nan nan nan nan nan
nan 4.726562500000000000e+01 5.019531200000000126e+01 4.531250000000000000e+01 6.093750000000000000e+01 5.453906200000000126e+01 nan 3.873828100000000063e+01 2.578125000000000000e+01 2.350000000000000000e+01 nan nan nan nan nan nan nan nan nan nan nan nan
4.531250000000000000e+01 5.306250000000000000e+01 6.300000000000000000e+01 4.400000000000000000e+01 5.300000000000000000e+01 2.900000000000000000e+01 5.998046899999999937e+01 4.531250000000000000e+01 2.800000000000000000e+01 2.773437500000000000e+01 nan nan nan nan nan nan nan nan nan nan nan nan
nan nan nan nan nan nan nan nan nan nan 2.736816400000000016e+01 4.580078100000000063e+01 4.140625000000000000e+01 5.117187500000000000e+01 5.356250000000000000e+01 5.109765600000000063e+01 6.582031200000000126e+01 4.200000000000000000e+01 6.600000000000000000e+01 6.100000000000000000e+01 6.500000000000000000e+01 nan
nan nan nan nan nan nan nan nan nan nan 5.312500000000000000e+01 4.238281200000000126e+01 5.654296899999999937e+01 nan 5.800000000000000000e+01 3.750000000000000000e+01 4.482421899999999937e+01 3.577343799999999874e+01 nan nan 7.350000000000000000e+01 nan
nan nan nan nan nan nan nan nan nan nan 3.898242199999999968e+01 4.835937500000000000e+01 3.359375000000000000e+01 4.025000000000000000e+01 4.100000000000000000e+01 4.550000000000000000e+01 nan 3.626171899999999937e+01 4.615625000000000000e+01 5.312500000000000000e+01 5.650000000000000000e+01 nan
nan nan nan nan nan nan nan nan nan nan 5.947265600000000063e+01 nan 4.000000000000000000e+01 3.017578100000000063e+01 3.800000000000000000e+01 3.600000000000000000e+01 4.021484399999999937e+01 3.775000000000000000e+01 4.700000000000000000e+01 4.392382800000000032e+01 4.200000000000000000e+01 4.140625000000000000e+01
nan nan nan nan nan nan nan nan nan nan 4.775000000000000000e+01 nan 4.300000000000000000e+01 3.750000000000000000e+01 3.600000000000000000e+01 2.589062500000000000e+01 nan 5.100000000000000000e+01 4.531250000000000000e+01 4.400000000000000000e+01 4.726562500000000000e+01 4.120312500000000000e+01
nan nan nan nan nan nan nan nan nan nan 5.700000000000000000e+01 3.261718799999999874e+01 5.900000000000000000e+01 4.800000000000000000e+01 4.800000000000000000e+01 2.480468799999999874e+01 3.873828100000000063e+01 3.900000000000000000e+01 nan 5.700000000000000000e+01 5.703125000000000000e+01 4.860937500000000000e+01
nan nan nan nan nan nan nan nan nan nan 5.552734399999999937e+01 4.600000000000000000e+01 5.108593799999999874e+01 4.025000000000000000e+01 5.068359399999999937e+01 3.182031200000000126e+01 1.800000000000000000e+01 4.140625000000000000e+01 nan 6.191406200000000126e+01 4.390625000000000000e+01 4.350000000000000000e+01
nan nan nan nan nan nan nan nan nan nan 4.201660199999999890e+01 3.359375000000000000e+01 3.847656200000000126e+01 4.140625000000000000e+01 4.664453100000000063e+01 3.359375000000000000e+01 2.613476599999999905e+01 3.139648400000000095e+01 nan 6.100000000000000000e+01 6.300000000000000000e+01 nan
nan nan nan nan nan nan nan nan nan nan nan nan 5.503906200000000126e+01 4.000000000000000000e+01 6.121875000000000000e+01 nan nan nan 3.383789099999999905e+01 3.750000000000000000e+01 4.531250000000000000e+01 4.531250000000000000e+01
nan nan nan nan nan nan nan 5.034179699999999968e+01 nan nan 5.900000000000000000e+01 nan 5.654296899999999937e+01 4.140625000000000000e+01 4.300000000000000000e+01 4.824218799999999874e+01 nan nan 3.554687500000000000e+01 3.700000000000000000e+01 4.200000000000000000e+01 4.170312500000000000e+01
nan nan nan nan nan nan nan nan nan nan 5.996875000000000000e+01 nan 6.046875000000000000e+01 4.350000000000000000e+01 4.726562500000000000e+01 4.531250000000000000e+01 4.565625000000000000e+01 nan 4.009277300000000110e+01 4.400000000000000000e+01 2.871093799999999874e+01 4.000000000000000000e+01
nan nan nan nan nan nan nan nan nan nan nan nan nan 4.095898400000000095e+01 5.800000000000000000e+01 5.308593799999999874e+01 2.578125000000000000e+01 nan 4.600000000000000000e+01 4.700000000000000000e+01 3.994140600000000063e+01 3.774414099999999905e+01
