1.808236316043189407e-01 3.010048489102398750e-01 1.716893028953822009e-01 nan 7.222516934035150271e-02 6.050145696607173162e-02 4.338265969850958054e-02 3.841965931566841685e-02 2.560747329603376213e-02 1.064225937440017034e-01 1.562091597807964416e-02 3.164950299109513254e-02 5.889064212230531170e-02 7.017300073603270627e-02 1.203963573756970662e-02 5.133011513834795370e-02 2.657358322030275999e-02 2.944306787723215135e-02 4.820371589929314804e-02 9.585403523154435723e-02 4.513036616488729641e-02 3.913549174395736241e-02 2.940231031242092688e-02 2.664362312157628893e-02 2.680441302099209611e-01 2.855486345861955530e-02 3.479881814453368583e-02 1.692314733194839535e-02 1.891725419695351740e-02 1.789112022278735101e-02 2.588383847266043786e-02 3.177502598840196285e-02 5.694001634359292796e-02 2.376903803930308090e-02 3.106475304323423614e-02 3.764350947417753612e-02 3.010048489102398750e-01 3.809628615373578109e-01 1.821209058191011199e-01 4.357751717092057109e-01 1.438192838647300020e-01 2.099641619349884580e-01 9.473923642715234572e-02 1.220653926463693834e-01 6.260542743670913235e-02 2.099641619349884580e-01 8.281330453853151530e-02 nan 3.010048489102398750e-01 9.413839991354819303e-02 6.276599149995144844e-02 2.476136336469768606e-01 3.809628615373578109e-01 1.369495516041328298e-01 1.026967586270215727e-01 2.272740130512162782e-01 7.537687519660879465e-02 1.064225937440017034e-01 1.438192838647300020e-01 8.892923409784593558e-02 nan 8.213318442298649102e-02 9.014951953518465788e-02 5.405948268385450672e-02 2.700634038795102915e-02 3.310632545239768076e-02 4.917530848776116570e-02 4.090911653143449594e-02 6.396294591176418520e-02 4.255928704121114681e-02 1.066122451266711679e-01 9.202072703070410253e-02
1.438192838647300020e-01 4.357751717092057109e-01 9.034721983471924456e-02 4.357751717092057109e-01 6.534544045617832198e-02 6.027885316640142072e-02 3.194234854222580827e-02 4.224711460923964712e-02 1.830306552542484630e-02 7.408135474326635328e-02 2.376086493656880475e-02 4.389347980798996574e-02 5.884016007569668749e-02 8.827161533736632704e-02 1.897730971823394577e-02 5.259027893605153908e-02 4.943013432755783559e-02 3.842862867028212087e-02 4.160481716915907097e-02 9.516160595586038717e-02 4.497609128278837187e-02 3.230693445390300789e-02 3.003146408104540727e-02 2.966360226226303839e-02 2.188838390926658439e-01 3.183663650496722924e-02 3.414808560347346034e-02 1.735173609545827278e-02 2.197927939612502254e-02 1.735358966081744850e-02 2.804124923055329593e-02 2.422366891175516471e-02 5.847005169661647489e-02 2.395090856326890366e-02 1.774439368940021119e-02 3.438975894804123523e-02 nan nan nan nan nan 9.735229201872330762e-02 8.724109663016892113e-02 1.098484689692239974e-01 3.983063145280762302e-02 3.809628615373578109e-01 7.772481145170896666e-02 1.316081928054340378e-01 1.909609249328599601e-01 1.558988433825599373e-01 3.630427963693894783e-02 1.832967502522322156e-01 2.149546174496765050e-01 6.341181605714771297e-02 1.033414278108799184e-01 3.809628615373578109e-01 7.066685925335798590e-02 5.398493404036289189e-02 1.546374598621967633e-01 1.158853781721560644e-01 nan 6.649901325323033519e-02 6.194286859044098592e-02 4.077435786672334306e-02 4.385203672119399043e-02 3.304391511661537717e-02 6.055298532653599630e-02 8.658133251742858305e-02 7.473943272399249937e-02 8.086542805047516880e-02 7.978155132777861591e-02 1.634193373935493299e-01
1.707693057414993720e-01 nan 9.751072495546907193e-02 3.367230529138357520e-01 4.226755324765209959e-02 4.092238581308216966e-02 1.801804223483340073e-02 2.265291234843080578e-02 1.545973857741205111e-02 5.851222186013276677e-02 1.096902312627853239e-02 2.424928732899032935e-02 3.033341864980990468e-02 7.115036017230598475e-02 1.029364652923508289e-02 3.703563647145368537e-02 2.750780629806743108e-02 2.530644879100202999e-02 3.841848505563039834e-02 7.524467416461910751e-02 3.877005203617085033e-02 2.863559633569878748e-02 2.826110711223094388e-02 2.613182501411034225e-02 1.266647029771968691e-01 2.453005563618075938e-02 2.804473789914866885e-02 1.181194414309190074e-02 1.743574870941248106e-02 1.555767122389934212e-02 2.161490677910317057e-02 1.973978455764220305e-02 4.231394404101215811e-02 2.025573332825369305e-02 1.623467279579071318e-02 2.323050861012729978e-02 1.558988433825599373e-01 2.455195743495247329e-01 8.447014991267373651e-02 3.010048489102398750e-01 1.316081928054340378e-01 9.751072495546907193e-02 1.141314857630818108e-01 8.205960844019469236e-02 5.360370686311378974e-02 2.455195743495247329e-01 4.010324093086108793e-02 2.718136272412727816e-01 2.718136272412727816e-01 3.441279399744536643e-02 2.273630388272799771e-02 8.528711756106432951e-02 2.395078476917590904e-01 5.269227138043729858e-02 7.563795805149668705e-02 1.187712532832855272e-01 4.501856960448569894e-02 7.725650585373151913e-02 1.175635168385471691e-01 5.816843610302135231e-02 nan 5.362321841659004745e-02 3.965974785469113945e-02 3.354250711646574595e-02 2.893706923735218928e-02 2.509355885053880797e-02 3.247872483544672617e-02 3.523866494334754185e-02 4.318858583651988270e-02 4.436220986085646217e-02 8.586136998288237954e-02 7.902786052571696140e-02
1.438192838647300020e-01 8.269473071902942729e-02 1.011329912472971743e-01 2.476136336469768606e-01 3.492039047267655322e-02 3.796844375183174719e-02 1.827227354886191632e-02 2.504110158425015831e-02 1.265261286978473614e-02 4.077435786672334306e-02 1.170241290371410413e-02 2.513550067338494315e-02 2.781600241439640200e-02 4.865629896925508652e-02 1.542079602124358725e-02 4.163929390785380685e-02 3.519180503446222436e-02 3.360481737500908839e-02 3.398728690126523455e-02 6.991555155275648581e-02 4.911495360111293312e-02 2.596025457728594332e-02 2.596220131340188156e-02 2.758251457823494499e-02 1.487938242192647365e-01 2.918970992604677170e-02 2.858111038713012989e-02 1.576755753622004208e-02 1.791044213899982071e-02 1.374868431872279875e-02 2.319937008167894180e-02 2.245482200294349195e-02 4.548768426746110233e-02 2.105918692708154752e-02 1.595571605111525959e-02 2.178327892028312368e-02 nan nan nan nan nan 1.250794796341924142e-01 7.197429424819676291e-02 5.595170854435709690e-02 4.886822947553715740e-02 1.821209058191011199e-01 4.459815027801049270e-02 4.054687942657692612e-01 2.476136336469768606e-01 1.607383185605434639e-01 8.960801800303427878e-02 9.709845324768795471e-02 1.141314857630818108e-01 3.809628615373578109e-01 8.859562660109789045e-02 2.099641619349884580e-01 8.956739854416750912e-02 6.180318196906489647e-02 9.413839991354819303e-02 1.011687871868628824e-01 nan 1.716893028953822009e-01 6.925300017524223251e-02 4.519319091029973950e-02 3.874082394550023428e-02 2.749280633426811130e-02 4.401574102029116864e-02 5.250834197657971991e-02 5.075939133085467792e-02 6.071375478728362890e-02 5.763629441562435202e-02 7.565024146262111504e-02
9.751072495546907193e-02 3.010048489102398750e-01 1.427382037379460178e-01 nan 8.669020979603557497e-02 3.296254686645033044e-02 3.122568193518163518e-02 4.067382141115130634e-02 2.404041353655006832e-02 8.888310927458926980e-02 1.892091236314682665e-02 2.368734689265966642e-02 4.588316744362939958e-02 6.327897962948626776e-02 1.683780850754743388e-02 3.311536584887798257e-02 2.211979324282215692e-02 3.313252125956904492e-02 4.146996407980829691e-02 8.496094720298789926e-02 4.048858454910028715e-02 2.700975530366912791e-02 2.844392418300745531e-02 2.717521270097595504e-02 2.476136336469768606e-01 2.980841756043992735e-02 3.028846441813294252e-02 1.638706330199331263e-02 1.880845627855570745e-02 1.538809153040528351e-02 2.261178133040677926e-02 2.424572914932783541e-02 5.291341465822833184e-02 1.994809623993040390e-02 2.260979753430199593e-02 2.225612569621392839e-02 3.010048489102398750e-01 3.809628615373578109e-01 1.607383185605434639e-01 4.357751717092057109e-01 1.821209058191011199e-01 2.099641619349884580e-01 1.178071876322016182e-01 1.150548014971340266e-01 8.642419728062303297e-02 2.476136336469768606e-01 5.483703476185666087e-02 nan 3.809628615373578109e-01 1.098484689692239974e-01 3.471763184265044128e-02 1.558988433825599373e-01 3.809628615373578109e-01 8.503223620940374150e-02 9.029115150709969562e-02 1.808236316043189407e-01 6.100104592774394791e-02 6.171872419300326873e-02 8.788651376183276298e-02 7.132807750415703918e-02 3.809628615373578109e-01 5.130526695371168122e-02 5.099990389632190479e-02 2.975037877722076091e-02 2.297917246632421792e-02 3.229487170179760891e-02 4.125226606068056051e-02 1.175635168385471691e-01 1.126702300545736474e-01 4.449912897561164593e-02 8.888310927458926980e-02 1.677833628221960804e-01
3.367230529138357520e-01 1.369495516041328298e-01 1.108925797698738086e-01 3.809628615373578109e-01 1.175905626275871169e-01 8.441403580311615529e-02 5.243041478040254277e-02 5.358476266208675454e-02 2.965078257882605359e-02 1.126702300545736474e-01 2.194392384106769872e-02 4.005013642418318864e-02 6.708324856091929522e-02 6.837432315595153021e-02 2.197168584380277540e-02 3.833132940586677501e-02 4.720619875183971331e-02 3.893689044560571383e-02 6.176654744951658171e-02 7.565024146262111504e-02 5.676302971421885030e-02 3.733421825167725777e-02 3.866710518959744214e-02 3.259124256897821814e-02 nan 3.734507828613954639e-02 4.146129401715429458e-02 2.215452141965299632e-02 2.896966818956560330e-02 2.301885367029063434e-02 3.773033788111902764e-02 3.092996275341647686e-02 8.489128103357609922e-02 2.629816178468988991e-02 2.856123700192509177e-02 6.973702793537987776e-02 4.357751717092057109e-01 2.476136336469768606e-01 3.809628615373578109e-01 nan 2.099641619349884580e-01 4.054687942657692612e-01 1.707693057414993720e-01 1.808236316043189407e-01 1.558988433825599373e-01 4.357751717092057109e-01 1.033367418590916131e-01 3.367230529138357520e-01 nan 2.272740130512162782e-01 6.635677932725878025e-02 2.680441302099209611e-01 4.357751717092057109e-01 2.099641619349884580e-01 1.936148004977075732e-01 4.357751717092057109e-01 1.432567074613407820e-01 2.099641619349884580e-01 2.476136336469768606e-01 1.681642979641239932e-01 nan 2.022694440619842438e-01 2.154873074288803092e-01 8.108018983760713339e-02 7.811730168805917918e-02 7.327831922013323951e-02 1.098484689692239974e-01 1.558988433825599373e-01 2.272740130512162782e-01 7.333088028466883124e-02 2.171924310348408993e-01 3.499610108478505288e-01
2.659033913456306242e-01 3.010048489102398750e-01 1.558567769586708951e-01 3.809628615373578109e-01 8.418795730933391341e-02 5.981101262593894324e-02 4.744394870840466100e-02 4.654721483967295265e-02 1.750321803953892863e-02 1.033759281807919567e-01 1.475270674943792923e-02 4.761345073695705254e-02 5.763629441562435202e-02 6.491943797629581847e-02 1.232458555821642869e-02 3.439533370359758313e-02 2.311329503297189156e-02 2.702159777091582213e-02 3.471783030006136972e-02 7.626937688000244575e-02 3.279846613332544625e-02 2.660737626452543483e-02 2.102904401211841065e-02 2.303095226781299784e-02 1.021855325314440094e-01 2.404522379981879898e-02 2.876285986573944367e-02 1.542275383172822534e-02 1.541977226634031785e-02 1.452069185645868572e-02 1.519472436558571768e-02 1.735186698778227316e-02 4.057377521927199582e-02 1.762146990918431883e-02 2.018614968707118165e-02 3.653769712090612631e-02 nan nan nan nan nan 2.718136272412727816e-01 3.367230529138357520e-01 nan 9.258307569370888279e-02 3.367230529138357520e-01 7.066685925335798590e-02 1.909609249328599601e-01 1.950677444450527043e-01 1.518121915780855369e-01 3.563842221148695588e-02 3.058650914250685693e-01 2.718136272412727816e-01 1.366214644389762978e-01 9.054648454318231510e-02 3.010048489102398750e-01 7.366192857533512828e-02 8.634270201166974190e-02 6.940595905663650422e-02 7.988529210529973779e-02 nan 1.463798034966141415e-01 5.900299381572987611e-02 5.042320757332516279e-02 2.248273096177711566e-02 3.527480327388386738e-02 3.093124325778846134e-02 8.269473071902942729e-02 7.578293353312501313e-02 4.467342288426186248e-02 1.369495516041328298e-01 8.528711756106432951e-02
6.478143273236754152e-02 7.547386846364541324e-02 2.083834748035701123e-02 1.301063895550240157e-01 3.143385782800225264e-02 2.517866853157170112e-02 1.496831719654999511e-02 1.702082353168628617e-02 1.122147201764381666e-02 3.164011846349489010e-02 1.070307822464380831e-02 2.298491422207386836e-02 2.621721643122937317e-02 4.572849441160397460e-02 1.019919877015022444e-02 2.904150510688524589e-02 2.342642881190024062e-02 1.817752518539086926e-02 2.845062510763053665e-02 2.917776166365750740e-02 2.970191004354411080e-02 2.097540979774898187e-02 2.222837214680508516e-02 1.936233136236259825e-02 1.212588749964659401e-01 2.111735615150858378e-02 1.840760554262699591e-02 1.244860345953370702e-02 1.216797382575118998e-02 1.277225068662705791e-02 1.587555871075958802e-02 1.955963408854637098e-02 3.123720101999754445e-02 1.520911688395579914e-02 1.329964845603522593e-02 2.047741669944868476e-02 nan 1.607383185605434639e-01 8.503223620940374150e-02 nan 1.126702300545736474e-01 4.596900577156398660e-02 2.117256069156821241e-02 2.937507465868945122e-02 2.083949180899092452e-02 6.520636826570562483e-02 2.043029127031670972e-02 6.587894168370170278e-02 7.772481145170896666e-02 2.272740130512162782e-01 4.136111088360478610e-02 1.518121915780855369e-01 4.357751717092057109e-01 3.535137523399940751e-02 1.480032695476364291e-01 2.292682995800220114e-01 9.957745507211288039e-02 7.025499570360128898e-02 3.010048489102398750e-01 1.042487186855898529e-01 nan 7.196251006418682983e-02 4.607835566045637848e-02 4.083361161053340044e-02 3.059430202062956780e-02 3.255094840512185589e-02 4.225818458373976211e-02 5.660304198027028139e-02 6.744385525355039990e-02 2.903696235633312223e-02 2.093044292494137398e-02 4.445595535365418766e-02
6.784385724736635703e-02 4.682761188893827531e-02 2.873978947914869811e-02 9.099106753621995225e-02 3.955548113107370395e-02 4.733109765389586360e-02 1.831194098089682434e-02 2.174892146346422972e-02 1.500665536187110148e-02 3.234783439524823584e-02 1.416681953547347002e-02 3.213424021144833942e-02 3.567601943934353703e-02 3.040185239616730387e-02 1.704500830386561708e-02 2.947284851703501143e-02 2.882288231432007797e-02 2.230146819362108929e-02 4.164659788840682081e-02 2.937159040347214409e-02 3.560093961691856990e-02 3.301438397275887476e-02 2.934013630592358091e-02 2.713473489424320095e-02 7.852806267576911692e-02 2.406215877580679396e-02 2.805655701845252703e-02 1.785084506990731665e-02 1.684716355960538120e-02 1.647515940829261116e-02 2.717334190018849335e-02 2.366987522911419284e-02 4.932529700130237893e-02 2.050434864586725067e-02 1.615432638569463258e-02 2.606877715432719470e-02 3.010048489102398750e-01 1.909609249328599601e-01 3.010048489102398750e-01 nan 9.099106753621995225e-02 7.333351848964492214e-02 5.324521871556008729e-02 3.643064807671024530e-02 2.822098029960732474e-02 3.010048489102398750e-01 2.308304451476292027e-02 7.795499955264197089e-02 1.241817997430071097e-01 8.281330453853151530e-02 6.910224796374532519e-02 7.795499955264197089e-02 1.607383185605434639e-01 4.196201160271809116e-02 1.510687559229310362e-01 1.138108950760257920e-01 1.033367418590916131e-01 1.210879340251275194e-01 1.909609249328599601e-01 1.130386918307258598e-01 nan 9.932301602372720084e-02 8.310885397950674991e-02 5.371692687243011244e-02 5.003050148612567249e-02 7.395603845604495352e-02 5.644774162836253134e-02 1.110017373682016528e-01 1.280045665697339963e-01 5.252177125075447456e-02 4.660011982172361511e-02 7.902786052571696140e-02
8.829978385463470303e-02 6.037799062208666634e-02 3.381276180980970908e-02 5.141689235103350658e-02 4.880126885238057072e-02 5.504402583322361153e-02 2.028991858018611150e-02 2.400623561215048038e-02 1.627556430436608373e-02 3.892133443673498339e-02 1.622093353251317233e-02 3.639558344107041848e-02 4.113787667288723582e-02 3.698454198814121741e-02 1.679365598737723314e-02 2.682003607602345685e-02 3.151623567756630523e-02 2.386202560803560996e-02 4.963136732852343330e-02 3.223881137534992392e-02 3.605955955055731299e-02 3.395838134080882142e-02 3.566986700837935370e-02 2.434496086905516346e-02 9.413839991354819303e-02 2.583089611895909854e-02 3.050733465579923490e-02 1.799476186265549366e-02 1.869292793776607467e-02 1.751594290490595882e-02 2.889621322014424357e-02 2.310907568020279315e-02 5.591218975377389849e-02 2.141309412309778948e-02 1.903402568092019478e-02 3.015396563888254194e-02 nan nan 2.125152900469710615e-01 nan 1.513825105885968914e-01 1.909609249328599601e-01 1.066122451266711679e-01 5.343880971810117952e-02 3.857945919202543372e-02 2.272740130512162782e-01 2.819114519657398357e-02 1.369495516041328298e-01 1.011329912472971743e-01 6.480954031064767307e-02 5.320936066836548517e-02 6.850934551520611315e-02 1.078310912672267169e-01 3.540983917428355832e-02 1.433671804180662868e-01 1.175635168385471691e-01 1.042425527960426229e-01 1.518121915780855369e-01 1.427382037379460178e-01 9.896606730237519911e-02 nan 1.015536342820322901e-01 9.351860679685704281e-02 6.463241278295163428e-02 7.740001627038527177e-02 8.593128343190099827e-02 1.585131844153864211e-01 1.255500266478777882e-01 3.100241081412358768e-01 5.460495045431962291e-02 4.014032197601655194e-02 9.473923642715234572e-02
nan nan 3.809628615373578109e-01 nan 3.367230529138357520e-01 4.054687942657692612e-01 1.050339641654033790e-01 1.607383185605434639e-01 3.724425792953268283e-02 3.809628615373578109e-01 5.942930443092693527e-02 1.250794796341924142e-01 3.010048489102398750e-01 nan 2.345654758994908384e-02 nan 3.010048489102398750e-01 1.187712532832855272e-01 4.350894711304159612e-02 3.809628615373578109e-01 4.483925785194915747e-02 4.781037860259407246e-02 9.413839991354819303e-02 4.569271293792948052e-02 nan 7.978649540931009865e-02 4.962194505154194496e-02 1.407653703232833974e-02 2.774077315855846479e-02 2.966305513420918610e-02 3.976917667485713181e-02 7.907657700613711371e-02 1.383195241321927282e-01 3.634541935197076884e-02 7.933443305118517697e-02 9.931079219379138068e-02 2.476136336469768606e-01 1.187712532832855272e-01 9.708391625019391347e-02 4.357751717092057109e-01 7.367166208760536628e-02 5.644424952278033480e-02 2.947265759624165260e-02 2.484707160385154698e-02 2.870848155093808779e-02 1.064225937440017034e-01 1.812226154408485071e-02 5.633841318333004944e-02 4.771722384138061407e-02 3.787338530332939879e-02 1.637319853731510413e-02 4.997583272253251774e-02 2.437818535071737541e-02 1.694818221361870519e-02 3.778443980147435516e-02 9.389022412325485900e-02 3.852426641193789497e-02 3.536325270901807122e-02 2.813166586591963128e-02 2.406089315992141972e-02 1.826081933048832318e-01 2.995403784234527272e-02 2.784750775547156776e-02 1.180734309096506153e-02 1.543813670013047430e-02 1.343445793789034039e-02 2.127048840251620845e-02 3.021703125456869088e-02 3.658581787968919613e-02 1.894289890660358008e-02 2.825463949343007264e-02 3.582652983711347161e-02
nan nan nan nan 3.010048489102398750e-01 2.022694440619842438e-01 3.100241081412358768e-01 1.821209058191011199e-01 4.900560263986489945e-02 4.357751717092057109e-01 5.421494877456133760e-02 1.301063895550240157e-01 1.546374598621967633e-01 nan 4.869001044026097236e-02 3.010048489102398750e-01 4.357751717092057109e-01 1.950677444450527043e-01 1.101221627810901604e-01 3.383866303536623432e-01 1.158853781721560644e-01 8.363970204828323485e-02 1.416899571303845695e-01 6.644001422876948115e-02 nan 9.428296919061354697e-02 1.250794796341924142e-01 6.064970843743345413e-02 5.299988835297615025e-02 4.982496796775511688e-02 6.360317126777993713e-02 6.960296218952730096e-02 1.438192838647300020e-01 5.301161478811147049e-02 8.269473071902942729e-02 1.607383185605434639e-01 2.860064807222964522e-01 1.707693057414993720e-01 9.751072495546907193e-02 nan 5.389799831935521840e-02 5.716107540780412249e-02 5.552549051188670343e-02 3.182029510853784382e-02 2.358459175699211333e-02 1.432567074613407820e-01 1.333743566533412105e-02 5.114275264141209670e-02 6.751709268973050959e-02 4.617503867656428534e-02 1.558476125230407253e-02 5.282724014583344008e-02 4.434255670484144041e-02 2.085565165433246604e-02 4.085787851161544471e-02 6.281171626801163033e-02 3.591259096857019051e-02 2.495802671695598191e-02 3.403994530246320233e-02 2.320030304810644789e-02 1.707693057414993720e-01 2.773358573878902111e-02 2.244243434405531964e-02 1.539346970187366326e-02 1.442869698456921389e-02 1.441305183542155796e-02 1.938220370214504065e-02 2.203614432605221357e-02 3.585264504048151640e-02 1.808564119427381531e-02 3.179105357535146059e-02 3.879952829333532804e-02
nan nan nan nan nan 3.367230529138357520e-01 5.343880971810117952e-02 6.492617232672384664e-02 2.856832375232224927e-02 2.718136272412727816e-01 4.694659867130582254e-02 1.607383185605434639e-01 1.301063895550240157e-01 nan 1.971678087349148026e-02 nan 2.099641619349884580e-01 1.316081928054340378e-01 7.222732630965336686e-02 3.809628615373578109e-01 3.063696724887973732e-02 5.832160227775230743e-02 2.373725694749826143e-01 5.239871375208417920e-02 nan 6.149260127845088131e-02 6.869600742886597389e-02 2.408363512631711903e-02 3.560415149804115054e-02 2.357429639227165766e-02 3.653769712090612631e-02 4.270855347331005414e-02 1.187712532832855272e-01 4.563097019844277596e-02 5.739496679829010628e-02 7.835421151132780648e-02 2.073771042587912172e-01 1.108925797698738086e-01 1.416899571303845695e-01 nan 3.008023005966944594e-02 3.863856789463866737e-02 2.509769780654565879e-02 2.140624006694479345e-02 1.367893617379241367e-02 4.634614168548913810e-02 1.328854075910467294e-02 3.675363616990057897e-02 3.736645765347819392e-02 4.908360920380670095e-02 1.307952266576782423e-02 4.956975042901914236e-02 2.378940499107665835e-02 1.715786652940223117e-02 3.629583227191861272e-02 7.807675762132754160e-02 3.459420507390800759e-02 3.277032333274289971e-02 2.195671799180127018e-02 2.567210753204406115e-02 2.395078476917590904e-01 2.199584084817427301e-02 2.215996335917805662e-02 1.061079190510690398e-02 1.455079227147262205e-02 1.331147047262987680e-02 1.624767329321051210e-02 2.381101531340397079e-02 3.138941924535412070e-02 1.671796261635230194e-02 1.782201999618442112e-02 1.991872317501351686e-02
nan nan 3.809628615373578109e-01 nan 3.367230529138357520e-01 3.809628615373578109e-01 2.022694440619842438e-01 3.367230529138357520e-01 3.446235251818552392e-02 nan 7.930844868213399179e-02 1.518121915780855369e-01 nan nan 6.651455309058061649e-02 nan nan 1.607383185605434639e-01 9.735229201872330762e-02 4.357751717092057109e-01 6.196643210878104852e-02 8.127186326796062565e-02 2.272740130512162782e-01 6.909952726326486216e-02 nan 1.385082643912335376e-01 7.434897882186169982e-02 3.565112509282560710e-02 3.506546316717025491e-02 5.075074117489095094e-02 5.595170854435709690e-02 7.565024146262111504e-02 1.634193373935493299e-01 1.305010305777497825e-01 1.677833628221960804e-01 1.383268304713709818e-01 3.809628615373578109e-01 2.096077929881256519e-01 1.518121915780855369e-01 3.367230529138357520e-01 9.262860786049449680e-02 4.518461376984792693e-02 3.064232169625280902e-02 2.581759537608180333e-02 2.105548662361046361e-02 8.139921458513577068e-02 1.765519994628868619e-02 2.716879369982479892e-02 4.872892924428558897e-02 6.772429298299814660e-02 1.999474588291073190e-02 5.554062442987354326e-02 4.515948821233799204e-02 2.847369109126816206e-02 3.833023083965918232e-02 9.786268289953532762e-02 4.694633076301980151e-02 3.187479033843099857e-02 2.144321368058294680e-02 3.520018681073967814e-02 3.010048489102398750e-01 3.425965682018843744e-02 3.077935891054205814e-02 1.693307611824096393e-02 1.846521944701877069e-02 1.646460345256096566e-02 2.363375148638684198e-02 3.012881450648236675e-02 4.120713005522017719e-02 2.492455883689459473e-02 1.521496113895179011e-02 2.980364362887997706e-02
nan 4.357751717092057109e-01 2.854174148212371698e-01 3.809628615373578109e-01 3.367230529138357520e-01 2.476136336469768606e-01 3.868512863245612138e-02 5.324521871556008729e-02 1.916059975093999460e-02 2.099641619349884580e-01 6.276599149995144844e-02 2.476136336469768606e-01 4.054687942657692612e-01 2.149546174496765050e-01 2.111505594482971856e-02 3.809628615373578109e-01 1.821209058191011199e-01 2.099641619349884580e-01 5.747462206835200066e-02 1.716893028953822009e-01 3.433415927359349806e-02 4.561428303633217884e-02 1.301063895550240157e-01 3.190893779635090716e-02 nan 6.242700927233888614e-02 7.258433282747420168e-02 2.058254577390318876e-02 3.662838942596099989e-02 1.345457401281523538e-02 4.920027983264821381e-02 4.256178174373981965e-02 1.314756869652419502e-01 5.320944954321906589e-02 3.736121977880690198e-02 8.804698498806523554e-02 1.092469815160791446e-01 5.204906245765935496e-02 5.801428014375035330e-02 1.138246036127208288e-01 2.375506450383923010e-02 2.441704177362329434e-02 1.575239432082826616e-02 1.189618648968615057e-02 9.641269273389296499e-03 3.521157558392280784e-02 1.037623257553968968e-02 2.761671503985100792e-02 2.139920982663289298e-02 3.048723092142451019e-02 1.211147944956985321e-02 3.384194462578286877e-02 2.069604253592513196e-02 1.894684507051954195e-02 2.954481189496998769e-02 5.862224111553304695e-02 3.163620483065313072e-02 2.088667696851255126e-02 1.563221444562937906e-02 2.155598783780534114e-02 1.212062626961717127e-01 2.249725093960758954e-02 2.035781664863020937e-02 9.986802378325797258e-03 1.207139589466018313e-02 1.083674862638494413e-02 1.718990886837837295e-02 2.058769246388940724e-02 3.060983669823269179e-02 1.724305465460106851e-02 1.330047041183758487e-02 2.173175215749834424e-02
nan nan 3.809628615373578109e-01 nan 2.272740130512162782e-01 3.367230529138357520e-01 3.010048489102398750e-01 2.272740130512162782e-01 5.240836858943999366e-02 4.357751717092057109e-01 4.387401993278407936e-02 3.010048489102398750e-01 2.272740130512162782e-01 nan 8.504763060627097693e-02 4.357751717092057109e-01 4.357751717092057109e-01 nan 1.426529228993428933e-01 3.809628615373578109e-01 1.283430044177805152e-01 5.562614353050422678e-02 1.108925797698738086e-01 8.138552424192324608e-02 nan 1.011947443540213848e-01 1.433686820651691174e-01 8.701420359285180761e-02 6.025828279746766464e-02 5.111018250928913570e-02 4.416546396709765399e-02 8.634270201166974190e-02 7.795499955264197089e-02 6.478143273236754152e-02 9.709845324768795471e-02 1.909609249328599601e-01 3.706415575838594156e-01 1.909609249328599601e-01 6.169746587595230369e-02 1.950677444450527043e-01 6.629653768917513623e-02 8.829978385463470303e-02 4.083523603090392223e-02 4.241088520821557906e-02 2.630229503786942619e-02 7.372847625073611355e-02 2.073641083191712572e-02 7.303712871923659367e-02 4.884461055748028774e-02 4.016400854441642271e-02 1.874008697898615211e-02 3.163692071508365788e-02 3.418131660155548229e-02 2.159825707126114547e-02 3.838835836620501513e-02 4.544427132906206368e-02 3.099763177294680844e-02 2.649702179831025725e-02 2.845541479208380659e-02 2.477340115099709722e-02 1.336092633562415144e-01 3.210047001930640964e-02 3.479672357440780073e-02 1.589624498513510231e-02 1.680360504442727360e-02 1.450483334549587666e-02 2.437223470684387466e-02 2.220110965943878148e-02 4.596738233030878834e-02 1.910936230802859348e-02 2.841737109999479399e-02 5.690789287809357860e-02
nan nan nan nan nan 2.455195743495247329e-01 3.010048489102398750e-01 nan 4.126661942063535038e-02 3.809628615373578109e-01 5.405948268385450672e-02 1.316081928054340378e-01 9.099106753621995225e-02 nan 6.030263406635340967e-02 nan 2.718136272412727816e-01 3.367230529138357520e-01 1.394806538242050198e-01 nan 7.250510568869124317e-02 6.358929146144161326e-02 1.366214644389762978e-01 6.308389026854459292e-02 nan 9.484352736539498896e-02 9.202072703070410253e-02 5.845605185275448007e-02 5.166568124505187959e-02 4.459377886007063335e-02 5.252547432935779359e-02 7.902786052571696140e-02 3.367230529138357520e-01 4.767232115102730539e-02 6.924412100773102985e-02 1.707693057414993720e-01 3.809628615373578109e-01 4.357751717092057109e-01 1.609484891483821123e-01 nan 1.826081933048832318e-01 6.924412100773102985e-02 4.795443270662599206e-02 5.822101313904398667e-02 4.683335216717077198e-02 1.644577168760611718e-01 2.780940289120648057e-02 5.926456918054285455e-02 6.716100789489740097e-02 9.136013527856927385e-02 2.245438791294067024e-02 5.603769566556112552e-02 6.979603616522994658e-02 4.932374971967782434e-02 6.227820437260175868e-02 9.580838269558460130e-02 4.741872143918146598e-02 4.350313338927583318e-02 5.116621050054349223e-02 3.881201441444580291e-02 2.476136336469768606e-01 3.854404977436060725e-02 3.895849873429785976e-02 2.437883790057182587e-02 2.700620178287137935e-02 2.377225932680625958e-02 3.469097168950753540e-02 3.772801999083779528e-02 7.014360219920703909e-02 2.910471706040465567e-02 5.184130708667702980e-02 8.756943956547308394e-02
nan nan nan nan 3.010048489102398750e-01 2.476136336469768606e-01 1.558988433825599373e-01 1.241817997430071097e-01 7.515569082421608149e-02 3.809628615373578109e-01 4.323646122512495027e-02 1.607383185605434639e-01 1.707693057414993720e-01 nan 6.400790294552254067e-02 4.357751717092057109e-01 nan 2.476136336469768606e-01 8.504638865609259746e-02 3.010048489102398750e-01 1.654883668627208648e-01 6.784385724736635703e-02 1.716893028953822009e-01 8.950639487734644850e-02 nan 7.625747737398326509e-02 8.829978385463470303e-02 3.896959009710233152e-02 3.688914775568054305e-02 4.352692282811696650e-02 3.120767790392789398e-02 6.269236907225173017e-02 1.078310912672267169e-01 3.433415927359349806e-02 6.701419200497750472e-02 1.707693057414993720e-01 1.558988433825599373e-01 9.709845324768795471e-02 3.582558740493173299e-02 2.099641619349884580e-01 6.784615086424261587e-02 6.221031385248203954e-02 2.594445798624201924e-02 2.528486606897273337e-02 2.070992196209304331e-02 5.615034664477534104e-02 1.230705601244760049e-02 4.797071499462636501e-02 3.695674683835516172e-02 3.571493200286657288e-02 1.224956788565422991e-02 3.562435286809051416e-02 3.066500907125409639e-02 2.366514045335429278e-02 3.150352455905842258e-02 5.633186040467967615e-02 2.928175735212504294e-02 2.594825688775835582e-02 2.015676848534335083e-02 2.275456689859571557e-02 2.476136336469768606e-01 2.622540043232838430e-02 2.294364253429920925e-02 1.183525311107502809e-02 1.494455788356592076e-02 1.234701711204944791e-02 1.804753794831887720e-02 2.432987514493857584e-02 4.098012496413611788e-02 1.582481734252325078e-02 2.459105625460076411e-02 2.207314083914582031e-02
nan nan 2.476136336469768606e-01 nan 9.202072703070410253e-02 1.050339641654033790e-01 4.779956345754422797e-02 7.222516934035150271e-02 2.781600241439640200e-02 2.099641619349884580e-01 3.135996554590945312e-02 1.175635168385471691e-01 1.220766011909298066e-01 nan 4.377633737577127371e-02 nan nan 8.093307493842263889e-02 1.369495516041328298e-01 1.607383185605434639e-01 1.266647029771968691e-01 1.613812267164174696e-01 2.476136336469768606e-01 9.516160595586038717e-02 nan 8.598910489785073497e-02 8.688313258741896250e-02 4.196201160271809116e-02 6.609602329730539239e-02 8.096930031732790800e-02 9.260591914605739716e-02 8.139921458513577068e-02 1.540340120173135652e-01 4.616007912617928199e-02 4.142871518852356966e-02 8.267679067323063791e-02 2.099641619349884580e-01 6.651455309058061649e-02 3.946839073727924363e-02 1.808236316043189407e-01 5.806252072511227519e-02 5.128151547050015940e-02 2.554509942436174186e-02 2.728196248390365661e-02 1.721405120696049493e-02 4.083523603090392223e-02 1.993893217409044294e-02 4.388986112320094474e-02 4.848669302593915098e-02 4.588069658882214935e-02 1.988069186640393018e-02 4.057028894855332218e-02 2.515515358582139441e-02 2.139615455806156974e-02 5.346648353021549172e-02 5.111738383346599995e-02 5.227775942074443238e-02 4.360574467089077533e-02 3.297974828323059493e-02 3.388656377392712526e-02 4.357751717092057109e-01 3.453549089378068343e-02 2.677668874572893681e-02 2.032071992772866223e-02 1.889508476886925248e-02 2.119330966884401535e-02 2.593670165791969393e-02 3.851254717847676229e-02 4.419511864320891520e-02 2.343850026512638018e-02 2.228252533197878915e-02 3.983854514387850237e-02
nan nan 1.607383185605434639e-01 nan 7.333351848964492214e-02 9.735229201872330762e-02 4.756351434931629929e-02 7.625747737398326509e-02 2.275354383480252679e-02 1.138108950760257920e-01 3.381976581374317864e-02 1.130386918307258598e-01 1.108925797698738086e-01 nan 2.663025066127855042e-02 nan 1.950677444450527043e-01 9.473923642715234572e-02 7.625057228714943180e-02 1.187712532832855272e-01 3.653769712090612631e-02 4.673803854543766984e-02 1.092469815160791446e-01 3.804322926457186227e-02 nan 9.124572634662453385e-02 7.132212421194145113e-02 1.423012620500023820e-02 3.341709067850229253e-02 2.426330072251031353e-02 5.484520417482596083e-02 4.589953736385574135e-02 1.508051463158953664e-01 3.101528126478393307e-02 3.103215830783161502e-02 7.977654267735065363e-02 6.651455309058061649e-02 4.178948868903660518e-02 3.292992678193244760e-02 6.073358934191921271e-02 4.635586534036193612e-02 3.194739693720249213e-02 1.955725915220391312e-02 1.836799623892899566e-02 1.235158606782313026e-02 1.991224209478776111e-02 1.378254364559465539e-02 2.743098871882456227e-02 3.678040754930481798e-02 3.411725828449786724e-02 1.593072329075303356e-02 3.450221401154179163e-02 3.268872707896274682e-02 2.004824925948925016e-02 3.414440962797803819e-02 3.105987968297720461e-02 2.995847395214472006e-02 2.962658805116749616e-02 2.580634735771804647e-02 2.411756367502562032e-02 1.518121915780855369e-01 2.747873739538638643e-02 2.271922091499426616e-02 1.564213899834301577e-02 1.349152375621968242e-02 1.342507805476921869e-02 1.835722533827571779e-02 2.451743140662482681e-02 3.162679388268573033e-02 1.780129657537707702e-02 1.282016958819614388e-02 2.477978184801085670e-02
3.809628615373578109e-01 3.706415575838594156e-01 1.474090269811678400e-01 nan 2.476136336469768606e-01 2.640856206090247404e-01 7.011171479711221510e-02 8.455594783458145192e-02 3.634585162011757381e-02 1.049329530973998337e-01 4.611757523454797225e-02 8.634270201166974190e-02 1.909609249328599601e-01 1.832967502522322156e-01 3.312208371250042332e-02 2.476136336469768606e-01 1.808236316043189407e-01 8.788651376183276298e-02 1.814877230622761461e-01 2.243068117006538353e-01 7.537687519660879465e-02 1.126961269647251684e-01 1.187712532832855272e-01 3.749309578013094307e-02 nan 8.510189589009935218e-02 8.679121715250391611e-02 2.834351547195302842e-02 5.468520217995471305e-02 4.034608797913552536e-02 7.034835980601189531e-02 7.408135474326635328e-02 1.416899571303845695e-01 4.150211970781622628e-02 5.082717375267641058e-02 6.690382140947499778e-02 1.490319631111133580e-01 7.222516934035150271e-02 2.694338315274890164e-02 1.518121915780855369e-01 5.907062625873253647e-02 4.976380405493383008e-02 1.541786408361798741e-02 1.931868589310461667e-02 1.405491840571253606e-02 4.535470001215532315e-02 1.534110190780728876e-02 3.011464104796322122e-02 4.737492284636096035e-02 3.356515442196019577e-02 2.066269603774667854e-02 3.421431502934491747e-02 3.138567301572735280e-02 2.257063458880567697e-02 4.289399175780933549e-02 4.424139320719757545e-02 3.702864538142117135e-02 3.867790358069767009e-02 2.625256719064245070e-02 2.907587197180434846e-02 2.718136272412727816e-01 2.838254823376477193e-02 2.823336485448360578e-02 1.692777622405021790e-02 1.743068633024551228e-02 1.677094825575325271e-02 2.288192342989235281e-02 2.803145040537648874e-02 3.667513289963339473e-02 2.082584422011481834e-02 1.851866594993640050e-02 3.215391416127539453e-02
nan nan 2.099641619349884580e-01 nan 1.707693057414993720e-01 3.809628615373578109e-01 1.716893028953822009e-01 1.372853536837529975e-01 6.553267344753752055e-02 1.821209058191011199e-01 5.283318328757151405e-02 1.316081928054340378e-01 1.821209058191011199e-01 3.058650914250685693e-01 5.816843610302135231e-02 4.357751717092057109e-01 2.718136272412727816e-01 3.809628615373578109e-01 2.382400331048388775e-01 1.950677444450527043e-01 5.046221317221189634e-02 7.333088028466883124e-02 1.438192838647300020e-01 6.969436189982060326e-02 nan 8.560573644002295035e-02 8.296193121061694320e-02 4.559391901760109084e-02 3.644174657836281306e-02 2.540348480760475786e-02 4.316018217197630652e-02 6.085672774580880989e-02 1.558988433825599373e-01 5.459049498564923913e-02 9.516160595586038717e-02 1.474090269811678400e-01 2.125152900469710615e-01 9.735229201872330762e-02 6.055298532653599630e-02 1.607383185605434639e-01 6.850831166297001451e-02 4.660011982172361511e-02 2.312882254116054373e-02 2.189837773482760860e-02 1.699603929453027268e-02 5.679178031801284526e-02 1.730168486752312745e-02 4.102989931503948223e-02 5.203136865961497520e-02 4.634899428502938651e-02 2.591606850890092878e-02 4.507568413008129771e-02 4.621965529397772943e-02 2.402952398724883185e-02 4.810285399053394056e-02 3.798918361006411309e-02 4.287855220914054549e-02 2.839435195238041582e-02 3.761163546904439103e-02 3.243384701275768556e-02 2.272740130512162782e-01 3.142780728056848022e-02 2.832370869794540238e-02 2.028794548237763604e-02 1.718316204178672521e-02 1.680258961283399508e-02 2.203082365580908558e-02 2.552321071740222547e-02 3.380052107325381971e-02 2.351001342145365297e-02 2.048056121928050130e-02 3.905562958885845648e-02
