4.502762430939226679e-01 2.860892388451443669e-01 3.420000000000000262e-01 2.546972860125261140e-01 4.331450094161958808e-01 2.820512820512820484e-01 4.188034188034188143e-01 2.224199288256227813e-01 1.994949494949495028e-01 1.976401179941003061e-01 1.333333333333333315e-01 nan 5.660377358490566169e-02 nan nan nan nan nan nan nan nan nan
2.411067193675889286e-01 7.072463768115941907e-01 4.772234273318872178e-01 4.708737864077670032e-01 3.882352941176470673e-01 4.272300469483568119e-01 2.693409742120344008e-01 3.886743886743886933e-01 4.181117533718689550e-01 4.093264248704663322e-01 nan nan nan nan nan nan nan nan nan 1.609195402298850552e-01 nan nan
3.487179487179487003e-01 5.009487666034155851e-01 6.800535475234270599e-01 4.610951008645532978e-01 4.509151414309484074e-01 3.264248704663212375e-01 3.056092843326885800e-01 3.201506591337099916e-01 3.151432469304228934e-01 2.553956834532374320e-01 1.151515151515151575e-01 nan 2.822085889570551953e-01 1.463414634146341375e-01 2.035928143712574800e-01 nan nan 1.153846153846153910e-01 2.238805970149253810e-01 nan 1.866666666666666752e-01 nan
2.407407407407407274e-01 5.798525798525798747e-01 4.788321167883211604e-01 7.203274215552524229e-01 2.851919561243144163e-01 3.959390862944162648e-01 1.875000000000000000e-01 4.554030874785591765e-01 4.446107784431137522e-01 3.626943005181347268e-01 4.651162790697674354e-02 nan 2.125984251968504046e-01 2.459016393442622905e-01 3.750000000000000000e-01 nan nan nan 2.264150943396226467e-01 2.000000000000000111e-01 nan nan
5.114155251141552228e-01 5.051282051282051100e-01 3.986254295532646319e-01 4.059040590405904037e-01 6.983842010771992292e-01 4.955357142857143016e-01 5.354838709677419706e-01 2.768496420047732443e-01 3.852631578947368629e-01 3.116089613034623285e-01 1.000000000000000056e-01 2.692307692307692180e-01 9.411764705882352811e-02 7.843137254901960675e-02 4.968944099378881651e-02 nan nan 3.521126760563380031e-01 nan 8.247422680412370977e-02 nan nan
3.947368421052631637e-01 4.255319148936170248e-01 3.157894736842105088e-01 4.255319148936170248e-01 3.982035928143712322e-01 5.154185022026431806e-01 3.904109589041095951e-01 3.094736842105262897e-01 4.346504559270516488e-01 3.562500000000000111e-01 nan nan nan nan nan nan nan nan nan nan nan nan
4.070921985815602606e-01 2.893617021276595480e-01 3.432304038004750368e-01 2.044444444444444564e-01 4.469026548672566101e-01 3.975308641975308643e-01 5.800273597811217430e-01 2.456946039035591278e-01 2.451923076923076816e-01 2.258064516129032195e-01 9.375000000000000000e-02 3.398058252427184622e-01 nan nan nan nan nan 3.174603174603174427e-01 nan 1.199999999999999956e-01 nan nan
1.893203883495145623e-01 3.920086393088552668e-01 2.786624203821655987e-01 4.576894775570272134e-01 2.947845804988661889e-01 2.952586206896551935e-01 1.981132075471698228e-01 5.952117863720073343e-01 5.631487889273356640e-01 5.047418335089568497e-01 9.523809523809523281e-02 nan 1.047619047619047644e-01 1.216216216216216284e-01 2.065217391304347838e-01 nan nan nan 3.782051282051281937e-01 3.157894736842105088e-01 2.700000000000000178e-01 nan
2.119205298013245031e-01 4.585635359116022047e-01 3.935406698564593575e-01 5.077793493635077704e-01 3.420560747663551338e-01 4.296577946768060929e-01 2.293577981651376274e-01 5.573221757322175396e-01 6.758793969849246075e-01 6.255506607929515184e-01 nan nan nan nan 3.648648648648648574e-01 nan nan nan 3.846153846153846367e-01 3.875000000000000111e-01 5.846153846153846478e-01 nan
2.684365781710914556e-01 4.433497536945812945e-01 2.475049900199600694e-01 3.876146788990825764e-01 2.701149425287356354e-01 2.771428571428571352e-01 2.605263157894736614e-01 5.009765625000000000e-01 6.686838124054462762e-01 6.589785831960460749e-01 nan nan nan nan nan nan nan nan nan nan nan nan
1.651376146788990917e-01 nan 1.038251366120218622e-01 3.809523809523809867e-02 nan nan nan 8.823529411764706454e-02 nan nan 6.009122006841505215e-01 3.255425709515859523e-01 4.782168186423505496e-01 3.222453222453222632e-01 3.321266968325791713e-01 2.637362637362637430e-01 5.195312500000000000e-01 4.719800747198007462e-01 2.678571428571428492e-01 3.006535947712418166e-01 3.200795228628230404e-01 1.531531531531531432e-01
4.909090909090909061e-01 nan nan nan 2.881355932203389925e-01 nan 3.364485981308411033e-01 nan nan nan 3.563579277864992179e-01 5.817120622568093813e-01 2.429999999999999938e-01 1.776155717761557229e-01 2.916129032258064635e-01 5.223300970873786531e-01 4.044117647058823595e-01 3.924449108079748338e-01 1.107871720116618136e-01 1.406250000000000000e-01 2.208258527827648143e-01 2.271386430678466184e-01
7.086614173228346358e-02 nan 2.608695652173912971e-01 1.118421052631578955e-01 2.124999999999999944e-01 nan 7.142857142857142461e-02 1.386138613861386260e-01 1.466666666666666674e-01 nan 4.276169265033407663e-01 2.521294718909710131e-01 6.503567787971458181e-01 4.075235109717868509e-01 4.453531598513011391e-01 2.232558139534883690e-01 2.757009345794392274e-01 3.937908496732026031e-01 2.959001782531194280e-01 2.612163509471585043e-01 2.134831460674157244e-01 1.425742574257425621e-01
nan nan nan nan nan nan nan nan nan nan 2.426303854875283550e-01 1.666666666666666574e-01 3.489736070381231903e-01 6.255319148936170359e-01 4.844497607655502414e-01 4.398496240601503793e-01 6.470588235294117974e-01 4.143646408839778972e-01 4.495192307692307820e-01 4.363001745200698056e-01 5.000000000000000000e-01 3.718309859154929620e-01
nan 2.413793103448275967e-01 1.515151515151515194e-01 3.526011560693641522e-01 7.339449541284404077e-02 nan nan 1.413043478260869457e-01 nan nan 1.971706454465075031e-01 1.896207584830339188e-01 3.617181612660135825e-01 4.321663019693654517e-01 5.517970401691332238e-01 2.462121212121212155e-01 2.261306532663316660e-01 3.055254604550379227e-01 3.798342541436464104e-01 3.254959588537839621e-01 3.393719806763285107e-01 2.267904509283819592e-01
nan nan nan nan nan nan 4.024390243902439268e-01 nan nan nan 2.414772727272727348e-01 4.819999999999999840e-01 2.643979057591622772e-01 3.221601489757914272e-01 2.813953488372092915e-01 6.852791878172588280e-01 5.093457943925233655e-01 4.131897711978465559e-01 2.679245283018867885e-01 3.665893271461717062e-01 3.978102189781022036e-01 3.719676549865228998e-01
nan nan nan nan 5.892857142857143016e-01 nan 1.492537313432835688e-01 nan nan 3.035714285714285476e-01 3.938053097345132758e-01 4.027777777777777901e-01 2.886297376093294731e-01 4.216867469879518326e-01 3.185840707964601726e-01 5.326633165829145478e-01 6.956521739130434590e-01 4.203389830508474367e-01 3.160377358490565891e-01 3.409742120343839389e-01 3.918128654970760016e-01 4.620462046204620310e-01
2.115384615384615363e-01 nan 6.896551724137930939e-02 nan nan nan 5.000000000000000000e-01 nan nan nan 3.943329397874852371e-01 4.664082687338501065e-01 3.297644539614560943e-01 3.181818181818181768e-01 3.245454545454545259e-01 4.633730834752981531e-01 4.361702127659574657e-01 6.128364389233954546e-01 1.481481481481481399e-01 2.131386861313868675e-01 2.507836990595611049e-01 1.694915254237288060e-01
nan nan 3.220338983050847204e-01 nan nan nan nan 6.403508771929824483e-01 nan 2.033898305084745894e-01 2.981132075471698006e-01 2.390243902439024293e-01 3.238636363636363535e-01 4.672304439746300386e-01 4.101876675603217115e-01 2.124352331606217670e-01 4.434782608695652106e-01 1.505376344086021556e-01 6.989247311827957443e-01 6.739130434782608647e-01 6.089108910891088966e-01 5.172413793103448620e-01
1.014492753623188470e-01 8.333333333333332871e-02 1.071428571428571369e-01 1.805555555555555525e-01 1.081081081081081141e-01 nan nan 5.519125683060108756e-01 4.843750000000000000e-01 nan 2.392086330935251914e-01 1.607142857142857262e-01 2.534930139720558695e-01 4.433811802232854871e-01 3.485064011379800930e-01 2.414634146341463339e-01 2.714932126696832371e-01 1.829025844930417533e-01 6.407103825136611919e-01 6.191446028513237776e-01 5.731166912850812478e-01 4.246353322528362839e-01
nan nan 1.369863013698630061e-01 nan nan nan nan 2.912621359223300788e-01 5.671641791044775838e-01 3.499999999999999778e-01 2.745490981963927823e-01 2.140921409214092130e-01 2.319660537482319540e-01 5.057034220532319324e-01 3.768278965129358560e-01 4.185393258426966523e-01 4.278606965174129306e-01 2.317880794701986658e-01 5.942982456140351033e-01 5.549374130737134703e-01 7.262357414448669113e-01 6.310679611650485965e-01
nan nan 8.695652173913043237e-02 nan nan nan nan 1.230769230769230838e-01 nan 2.833333333333333259e-01 1.084337349397590383e-01 1.758957654723126984e-01 1.567567567567567655e-01 3.663366336633663289e-01 2.712328767123287632e-01 4.084507042253521236e-01 4.482758620689655249e-01 1.964809384164222794e-01 4.200426439232409215e-01 3.931240657698056862e-01 6.746203904555314601e-01 7.073791348600508844e-01
