nan nan nan nan nan nan 3.883495145631067624e-02 6.024096385542168641e-02 9.411764705882352811e-02 nan 4.197901049475262492e-02 nan 5.405405405405405705e-02 1.951219512195122019e-01 5.147615442846328881e-02 2.676056338028168780e-01 8.744394618834080979e-02 1.301775147928994070e-01 3.674540682414698112e-01 3.333333333333333148e-01 2.834645669291338543e-01 2.177985948477751676e-01 1.152173913043478271e-01 4.075211051419800334e-01 nan 1.970509383378016011e-01 2.246376811594202882e-01 2.023094688221709070e-01 2.665712923223652608e-01 3.715612718828152916e-01 1.491108071135431035e-01 1.564356435643564358e-01 2.031250000000000000e-01 1.344221105527638183e-01 7.534246575342465335e-02 4.761904761904761640e-02 nan nan nan nan nan nan nan nan nan nan nan nan nan nan nan nan nan nan 1.818181818181818232e-01 nan 9.230769230769231282e-02 nan nan 2.608695652173912971e-01 nan nan 1.355932203389830504e-01 nan 5.442176870748299117e-02 1.614255765199161530e-01 3.658536585365853439e-02 nan nan nan nan nan
nan nan nan nan 1.363636363636363535e-01 6.410256410256409687e-02 3.246753246753246447e-02 9.644670050761421087e-02 9.024134312696746596e-02 8.064516129032257841e-02 1.765893037336024318e-01 1.005291005291005235e-01 1.739130434782608647e-01 2.783505154639175361e-01 1.166365280289330952e-01 1.225806451612903164e-01 1.368421052631579038e-01 2.171945701357466119e-01 2.576832151300236240e-01 nan 1.925675675675675713e-01 1.489361702127659504e-01 6.083650190114068407e-02 3.586413586413586541e-01 nan 4.206521739130434923e-01 3.868894601542416378e-01 1.676948962422882827e-01 4.495926680244399232e-01 2.455546147332768880e-01 2.259953161592505866e-01 1.054313099041533502e-01 2.831858407079645978e-01 1.933014354066985574e-01 4.198473282442748145e-02 7.264957264957265515e-02 nan nan nan nan nan nan nan nan 4.098360655737704611e-02 nan nan nan nan nan nan nan nan nan nan nan nan nan nan nan nan nan 1.472868217054263684e-01 4.201680672268907901e-02 1.439999999999999891e-01 9.554140127388535686e-02 7.228915662650602092e-02 nan nan 1.000000000000000056e-01 nan nan
nan nan nan nan 1.074766355140186896e-01 9.859154929577464144e-02 3.317535545023696936e-02 6.748466257668711554e-02 8.775981524249422405e-02 1.157024793388429784e-01 4.676753782668501003e-02 3.928571428571428492e-02 4.411764705882353227e-02 1.983471074380165344e-01 4.138398914518317401e-02 1.250000000000000000e-01 6.626506024096386060e-02 1.386962552011095640e-01 3.579831932773109293e-01 1.844660194174757295e-01 2.234762979683972972e-01 2.000000000000000111e-01 9.722222222222222376e-02 3.749049429657794752e-01 nan 2.887700534759358173e-01 3.210922787193973837e-01 1.050808314087759848e-01 4.817518248175182705e-01 3.498752425838647095e-01 1.915227629513343854e-01 1.077405857740585809e-01 2.481203007518796855e-01 1.816223977027997261e-01 5.832320777642770182e-02 4.651162790697674354e-02 nan nan nan nan nan nan nan 1.016949152542372947e-01 9.600000000000000200e-02 nan 3.571428571428571230e-02 nan nan nan nan nan nan 7.407407407407406996e-02 5.882352941176470507e-02 nan 4.040404040404040747e-02 1.044776119402985037e-01 nan 9.433962264150944077e-02 nan 1.134751773049645363e-01 8.737864077669903196e-02 6.074766355140186896e-02 1.722560975609755962e-01 1.165354330708661401e-01 5.607476635514018620e-02 2.564102564102564014e-02 5.511811023622047168e-02 1.133004926108374388e-01 1.071428571428571369e-01 nan
nan nan nan nan 4.000000000000000083e-02 5.590062111801242378e-02 2.040816326530612082e-02 7.373271889400921653e-02 5.785123966942148921e-02 4.201680672268907901e-02 5.689993459777632767e-02 4.682274247491638453e-02 3.465346534653465649e-02 8.208955223880597118e-02 6.600985221674876557e-02 7.647058823529412352e-02 9.642857142857143293e-02 1.605206073752711571e-01 2.426229508196721396e-01 1.012658227848101250e-01 1.976284584980237125e-01 1.913929784824462133e-01 4.642857142857143016e-02 2.809430255402750598e-01 nan 4.137614678899082521e-01 4.565778159931212499e-01 1.420243773184949598e-01 5.258215962441314950e-01 2.025586353944562878e-01 3.080974325213956533e-01 1.521298174442190787e-01 3.569739952718676279e-01 2.048192771084337283e-01 5.402010050251256079e-02 4.926108374384236682e-02 nan nan nan nan nan nan nan nan 9.090909090909091161e-02 nan 4.000000000000000083e-02 nan nan nan nan nan nan nan nan nan nan 9.473684210526316096e-02 nan nan nan nan 2.105263157894736725e-01 nan 3.219424460431654644e-01 8.809523809523810145e-02 1.203703703703703637e-01 6.185567010309278579e-02 4.597701149425287293e-02 1.395348837209302306e-01 nan 7.142857142857142461e-02
nan nan nan nan 1.818181818181818232e-01 3.355704697986577195e-02 3.910614525139664843e-02 1.240310077519379828e-01 1.502347417840375621e-01 1.228070175438596423e-01 8.242424242424242764e-02 nan 8.860759493670886111e-02 3.911111111111111316e-01 1.026252983293556020e-01 1.555075593952483792e-01 9.007633587786259555e-02 2.437888198757763858e-01 3.326572008113590218e-01 2.525252525252525415e-01 2.643171806167400884e-01 1.448170731707316972e-01 8.860759493670886111e-02 5.969551282051281937e-01 nan 3.442959917780061829e-01 2.771804062126642654e-01 1.924460431654676229e-01 3.811571540265832891e-01 3.278275475923851934e-01 1.648987463837994216e-01 1.147540983606557402e-01 3.474025974025973795e-01 1.183431952662721831e-01 8.431703204047218125e-02 nan nan nan nan nan nan nan nan nan nan nan nan nan nan nan 5.084745762711864736e-02 nan nan nan 1.739130434782608647e-01 nan 1.160714285714285754e-01 nan nan 3.828571428571428403e-01 nan 5.376344086021505458e-02 9.090909090909091161e-02 6.825938566552901265e-02 6.736842105263157743e-02 1.428571428571428492e-01 nan nan nan 5.691056910569105426e-02 nan nan
nan nan nan nan 2.909090909090908950e-01 nan 4.761904761904761640e-02 8.620689655172414367e-02 1.126126126126126142e-01 nan 7.718696397941680887e-02 nan 1.170212765957446832e-01 1.195652173913043514e-01 1.372756071805702194e-01 5.263157894736841813e-02 1.182795698924731242e-01 2.430107526881720437e-01 3.466666666666666785e-01 7.142857142857142461e-02 2.754237288135593098e-01 9.166666666666666019e-02 1.132075471698113234e-01 4.159999999999999809e-01 nan 3.886328725038402654e-01 3.094736842105262897e-01 2.967504598405886207e-01 3.490838958534233094e-01 2.732962447844228260e-01 1.684210526315789436e-01 8.902077151335312244e-02 2.395833333333333426e-01 1.430656934306569206e-01 6.354515050167224011e-02 1.084337349397590383e-01 nan nan nan nan nan nan nan nan nan nan nan nan nan nan nan nan nan nan nan nan nan nan nan nan nan nan nan 2.941176470588235392e-01 nan 1.428571428571428492e-01 nan nan nan nan nan nan
nan nan nan nan 2.371134020618556604e-01 8.510638297872340219e-02 6.611570247933884481e-02 1.005917159763313612e-01 6.582278481012658611e-02 nan 6.451612903225806273e-02 nan 4.347826086956521618e-02 3.415841584158416100e-01 9.038737446197991909e-02 2.184115523465703923e-01 1.051094890510948926e-01 1.983273596176821918e-01 2.649434571890145196e-01 2.619047619047619180e-01 2.544378698224852298e-01 1.156583629893238457e-01 8.538350217076699777e-02 4.900332225913621165e-01 nan 2.342569269521410646e-01 2.476851851851851749e-01 2.602960102960102939e-01 2.430158195893638573e-01 3.301043219076005841e-01 6.851851851851852027e-02 6.455696202531645278e-02 1.625000000000000056e-01 1.193573068094873763e-01 5.783582089552238847e-02 4.195804195804195974e-02 nan nan nan nan nan nan nan nan nan nan nan nan nan nan 6.185567010309278579e-02 nan nan nan 2.077922077922078059e-01 nan 1.909090909090909172e-01 nan nan 3.768115942028985588e-01 nan nan 8.999999999999999667e-02 2.446043165467625957e-01 3.436426116838488254e-02 2.127659574468085124e-01 nan nan nan nan nan nan
nan nan 1.801801801801801786e-02 nan 1.967479674796747957e-01 1.203703703703703637e-01 7.029876977152900441e-02 1.368555060471037532e-01 1.484455958549222854e-01 1.466942148760330689e-01 1.416319529527076682e-01 1.242158092848180684e-01 1.147826086956521691e-01 1.777777777777777846e-01 7.949944792050055165e-02 9.476309226932667917e-02 6.637168141592920956e-02 1.729729729729729826e-01 3.386792452830188482e-01 9.523809523809523281e-02 2.102351313969571256e-01 2.418750000000000067e-01 7.917383820998279143e-02 2.645582329317269221e-01 nan 5.369504209541627882e-01 5.961115187087306921e-01 2.336638125281658429e-01 3.416766672381278958e-01 2.548098434004474333e-01 3.831619894415115302e-01 2.263936291240045418e-01 4.484536082474226970e-01 3.378232758620689502e-01 1.223267750213857946e-01 9.511889862327910228e-02 nan nan nan nan nan 7.299270072992700142e-02 nan 7.278481012658227778e-02 7.484076433121018834e-02 nan 4.071246819338422696e-02 nan nan nan 5.263157894736841813e-02 nan nan 3.125000000000000000e-02 nan nan nan 1.538461538461538547e-01 nan 1.964285714285714246e-01 nan 2.204724409448818867e-01 3.399503722084367130e-01 9.569377990430621983e-02 1.562500000000000000e-01 1.218274111675126947e-01 1.916167664670658799e-01 1.409395973154362325e-01 2.682926829268292845e-01 1.171548117154811719e-01 2.999999999999999889e-02 nan
nan nan 2.906976744186046471e-02 nan 1.596385542168674565e-01 2.064056939501779375e-01 6.536856745479832642e-02 1.251396648044692805e-01 1.567759078830823771e-01 9.509202453987730674e-02 1.642585551330798532e-01 1.173469387755102095e-01 1.199999999999999956e-01 1.255411255411255367e-01 1.575654152445961353e-01 9.487179487179486781e-02 9.929078014184397616e-02 2.285084496693607636e-01 4.708029197080291772e-01 4.265402843601896060e-02 1.865509761388286225e-01 2.537537537537537524e-01 8.719346049046321212e-02 3.313096270598439030e-01 1.685393258426966245e-01 6.546426185704742329e-01 5.540765391014974561e-01 3.201068294544067161e-01 4.023377422331590458e-01 3.002356109054190592e-01 3.750000000000000000e-01 1.654373024236037992e-01 3.681318681318681563e-01 4.014598540145985495e-01 1.022058823529411742e-01 1.001926782273603045e-01 nan nan nan nan nan 6.896551724137930939e-02 nan nan 4.090909090909090884e-02 nan 1.648351648351648394e-02 nan nan nan nan nan nan 7.361963190184049599e-02 nan nan nan nan nan nan nan 5.376344086021505042e-01 3.828125000000000000e-01 1.329113924050632778e-01 2.401433691756272304e-01 1.632653061224489666e-01 1.285714285714285587e-01 nan nan 2.061403508771929849e-01 7.407407407407406996e-02 nan
nan nan 4.945054945054944834e-02 nan 2.161172161172161266e-01 2.067307692307692180e-01 7.109004739336492740e-02 1.330749354005167917e-01 1.584925141972121920e-01 1.052631578947368363e-01 2.050420168067226823e-01 1.226415094339622647e-01 1.891117478510028760e-01 1.704260651629072587e-01 1.887877335888835661e-01 7.368421052631578261e-02 1.229314420803782476e-01 2.957947255880256643e-01 4.635416666666666852e-01 7.636363636363636964e-02 2.252427184466019305e-01 1.882352941176470562e-01 1.377410468319559267e-01 2.664031620553359847e-01 nan 6.658841940532080894e-01 5.029182879377431803e-01 3.447889428464699368e-01 2.994791666666666852e-01 2.592592592592592449e-01 3.012422360248447339e-01 1.112656467315716324e-01 3.207547169811320598e-01 4.041708043694141050e-01 1.301824212271973369e-01 1.108490566037735880e-01 nan nan nan nan nan nan nan nan 4.444444444444444614e-02 nan 3.809523809523809867e-02 nan nan nan 1.241830065359477153e-01 nan nan 5.524861878453038444e-02 nan nan 1.851851851851851749e-01 nan nan 3.488372093023255904e-01 nan 3.536585365853658347e-01 2.162162162162162282e-01 4.324324324324324564e-01 8.474576271186440302e-02 3.966942148760330689e-01 nan nan nan 1.846153846153846256e-01 nan nan
nan nan nan nan nan nan nan nan 3.816793893129771104e-02 nan nan nan nan nan 1.675977653631284883e-02 nan nan nan 5.555555555555555247e-02 nan 5.737704918032787010e-02 6.666666666666666574e-02 nan 6.349206349206348854e-02 nan nan 8.823529411764706454e-02 1.562500000000000000e-02 9.280742459396751354e-02 1.290322580645161255e-01 3.539823008849557473e-02 1.333333333333333315e-01 nan 6.315789473684210731e-02 1.076923076923076983e-01 1.400000000000000133e-01 nan nan nan nan 1.153846153846153910e-01 8.571428571428571508e-02 5.063291139240506250e-02 5.491329479768786159e-02 2.178841309823677519e-01 nan 6.754966887417218624e-02 5.952380952380952051e-02 4.301075268817204644e-02 1.086142322097378293e-01 7.924528301886792081e-02 2.063492063492063378e-01 5.059523809523809590e-02 5.532503457814660908e-02 3.838862559241706385e-01 3.673469387755102233e-01 2.865275142314990253e-01 2.882165605095541316e-01 1.259259259259259134e-01 4.120947630922693339e-01 nan 2.579462102689486502e-01 2.886699507389162700e-01 9.587328053355564927e-02 3.651218858826680846e-01 4.323754789272030719e-01 1.759935117599351062e-01 2.682038834951456230e-01 2.349514563106796239e-01 1.226252158894645949e-01 8.376963350785340823e-02 6.796116504854368690e-02
nan nan nan nan nan nan nan nan nan nan 4.938271604938271331e-02 nan nan nan nan nan nan nan 3.181818181818181768e-01 nan nan nan nan 3.280423280423280241e-01 nan nan nan 2.788461538461538547e-01 1.666666666666666574e-01 3.715083798882681809e-01 1.041666666666666713e-01 nan nan nan nan nan nan nan nan nan 7.000000000000000666e-02 nan 7.843137254901960675e-02 4.324324324324324564e-02 7.599999999999999811e-02 nan 4.203539823008849846e-02 nan 8.974358974358974395e-02 1.964912280701754388e-01 1.136789506558401053e-01 3.289036544850498234e-01 2.708333333333333148e-01 1.264016309887869560e-01 3.750000000000000000e-01 1.714285714285714302e-01 3.539823008849557473e-01 1.005291005291005235e-01 2.971014492753623060e-01 4.324942791762013683e-01 nan 2.237600922722030039e-01 1.282051282051281937e-01 3.088490456911509585e-01 2.150882825040128510e-01 3.966530981456354854e-01 7.835325365205843273e-02 8.722741433021806434e-02 8.085106382978723971e-02 1.240249609984399315e-01 5.213270142180094491e-02 3.448275862068965469e-02
nan nan nan nan nan nan nan nan nan nan nan nan nan nan nan nan nan nan 6.779661016949152519e-02 nan nan 1.199999999999999956e-01 nan 1.395348837209302306e-01 nan 1.171171171171171144e-01 1.386138613861386260e-01 3.900709219858156107e-02 1.764705882352941291e-01 7.377049180327868716e-02 4.195804195804195974e-02 nan nan 1.016949152542372947e-01 nan nan nan nan nan nan 3.048780487804877981e-02 6.060606060606060774e-02 5.865921787709497265e-02 8.044164037854889537e-02 8.406524466750313340e-02 5.405405405405405705e-02 6.837606837606838295e-02 5.747126436781609116e-02 nan 2.491582491582491621e-01 5.295138888888888812e-02 2.201492537313432807e-01 5.970149253731343170e-02 7.667731629392970927e-02 3.374422187981510057e-01 2.542372881355932090e-01 2.220216606498194856e-01 2.831491712707182584e-01 6.313645621181263046e-02 3.163751987281399058e-01 nan 1.837248322147650992e-01 2.756410256410256610e-01 8.061344868265828134e-02 4.443699731903485439e-01 3.710443037974683334e-01 1.418918918918918859e-01 1.787148594377510058e-01 1.964285714285714246e-01 1.342072409488139773e-01 5.081967213114754051e-02 2.657807308970099730e-02
nan nan nan nan nan nan nan nan nan nan nan nan nan nan nan nan nan nan nan nan nan nan nan 6.451612903225806273e-02 nan nan nan nan 7.659574468085106336e-02 8.593750000000000000e-02 7.291666666666667129e-02 7.142857142857142461e-02 nan nan nan nan nan nan nan nan 2.374999999999999889e-01 5.785123966942148921e-02 7.042253521126760896e-02 6.353591160220994905e-02 1.288343558282208645e-01 1.538461538461538547e-01 9.213051823416507080e-02 nan 9.459459459459459985e-02 3.440860215053763715e-01 9.597156398104265962e-02 1.627906976744186163e-01 1.464435146443514579e-01 1.691616766467065880e-01 2.204899777282850748e-01 1.607142857142857262e-01 1.832061068702290074e-01 1.371681415929203451e-01 3.636363636363636187e-02 4.628422425032594489e-01 nan 4.522924411400247591e-01 4.391959798994974906e-01 1.671130155329405564e-01 3.971789161098737697e-01 2.411265432098765316e-01 2.452830188679245293e-01 1.605584642233856829e-01 3.217922606924643603e-01 1.965199590583418532e-01 2.788844621513944175e-02 4.608294930875576206e-02
nan nan nan nan nan nan 2.830188679245283084e-02 nan 2.142857142857142877e-02 nan nan nan nan nan nan nan nan nan 5.263157894736841813e-02 nan nan 8.053691275167784713e-02 nan 4.950495049504950729e-02 nan 1.439999999999999891e-01 1.413043478260869457e-01 2.749140893470790326e-02 2.364341085271317866e-01 1.906779661016949276e-02 1.032258064516129031e-01 5.426356589147286746e-02 nan 1.904761904761904656e-01 5.847953216374268681e-02 nan nan nan nan nan 2.941176470588235253e-02 2.752293577981651529e-02 4.774897680763983548e-02 3.790087463556851555e-02 6.732976281560826282e-02 3.597122302158273222e-02 6.349206349206348854e-02 4.255319148936170109e-02 1.851851851851851749e-02 1.121718377088305463e-01 6.106369008535784959e-02 9.246575342465752911e-02 3.154574132492113381e-02 1.144688644688644646e-01 3.065380493033226239e-01 1.297709923664122078e-01 1.953642384105960250e-01 1.772939346811819583e-01 4.360465116279069880e-02 2.773413897280966878e-01 nan 2.833008447043534606e-01 3.448110951697752058e-01 1.066086483546369312e-01 4.078264969354078451e-01 2.373310810810810856e-01 2.332185886402753927e-01 1.538461538461538547e-01 2.853717026378896904e-01 1.833677685950413361e-01 4.849660523763336256e-02 4.914004914004913710e-02
nan nan nan nan nan nan nan nan nan nan nan nan nan nan 1.166666666666666685e-01 nan nan nan nan nan nan nan nan 3.280000000000000138e-01 nan 1.785714285714285754e-01 nan 3.047619047619047894e-01 1.470588235294117696e-01 2.213438735177865602e-01 nan nan nan nan nan nan nan nan nan nan 1.274509803921568540e-01 nan 6.040268456375839229e-02 1.228813559322033955e-01 1.390134529147982190e-01 nan 1.315789473684210453e-01 7.936507936507936067e-02 9.868421052631579093e-02 3.788150807899461348e-01 1.852300242130750507e-01 2.324561403508771940e-01 2.302405498281786811e-01 1.975497702909647657e-01 3.029197080291970989e-01 1.273584905660377353e-01 2.998805256869773173e-01 9.980039920159680666e-02 1.924119241192411844e-01 5.282776349614395350e-01 nan 3.970753655793025638e-01 3.380480905233380629e-01 3.954833379234370949e-01 2.726261127596439349e-01 3.166160081053698283e-01 1.279229711141678105e-01 5.803571428571428770e-02 1.766917293233082609e-01 1.447166921898928038e-01 8.571428571428571508e-02 1.212121212121212155e-01
nan nan nan nan nan nan nan nan nan nan nan nan nan nan nan nan nan nan nan nan nan nan nan 2.964824120603015145e-01 nan 2.682926829268292845e-01 nan 2.311557788944723635e-01 1.272727272727272596e-01 1.622641509433962181e-01 nan nan nan 8.029197080291970712e-02 nan nan nan nan nan nan nan nan 5.607476635514018620e-02 1.533333333333333215e-01 2.522796352583586699e-01 nan 1.263537906137184030e-01 nan 8.108108108108108558e-02 4.774774774774774855e-01 1.191066997518610421e-01 1.575757575757575635e-01 1.636363636363636354e-01 3.294797687861271696e-01 3.599999999999999867e-01 3.406593406593406703e-01 2.370129870129870087e-01 1.238938053097345116e-01 1.767441860465116255e-01 5.165876777251184881e-01 nan 4.326465927099841791e-01 3.362989323843416645e-01 2.803379416282641978e-01 3.166226912928760129e-01 3.459283387622149597e-01 1.894093686354378914e-01 9.504132231404958941e-02 2.981366459627329268e-01 1.690140845070422504e-01 1.739130434782608647e-01 2.142857142857142738e-01
nan nan nan nan nan nan nan nan 8.196721311475409222e-02 nan nan nan nan nan nan nan nan nan nan nan nan nan nan 5.086206896551723755e-01 nan 1.029411764705882304e-01 nan 7.731958762886598224e-02 5.421686746987951916e-02 1.405622489959839350e-01 nan nan nan 3.030303030303030387e-02 nan nan nan nan nan nan 1.531531531531531432e-01 8.888888888888889228e-02 4.214559386973180249e-02 6.216216216216216561e-02 9.762202753441802383e-02 nan 4.797979797979797650e-02 5.000000000000000278e-02 5.063291139240506250e-02 1.757990867579908578e-01 7.369614512471654721e-02 2.163742690058479412e-01 1.417165668662674627e-01 1.594360086767895868e-01 2.524005486968449730e-01 2.780082987551867335e-01 2.060027285129604480e-01 1.369661266568483193e-01 1.018306636155606459e-01 5.418933623503808805e-01 nan 2.225672877846791020e-01 1.902222222222222092e-01 1.776447105788423186e-01 2.858364206326588497e-01 3.220585561011092834e-01 1.163934426229508157e-01 1.482381530984204221e-01 2.613636363636363535e-01 9.487951807228915679e-02 6.855791962174941079e-02 2.479338842975206680e-02
nan nan nan nan nan nan nan nan 3.465346534653465649e-02 nan 3.184713375796178331e-02 nan nan nan 5.084745762711864736e-02 nan nan nan nan nan nan nan nan nan nan 2.815533980582524132e-01 6.403508771929824483e-01 7.361963190184049599e-02 2.905027932960894121e-01 1.285714285714285587e-01 4.814814814814814548e-01 1.538461538461538547e-01 nan 2.424242424242424310e-01 4.273504273504273587e-02 nan nan nan nan nan 1.677018633540372783e-01 1.329479768786127059e-01 7.000000000000000666e-02 1.188299817184643448e-01 1.364229765013054707e-01 6.040268456375839229e-02 2.277810476751030155e-01 1.173708920187793436e-01 1.637168141592920401e-01 1.847826086956521618e-01 1.292083712465877943e-01 9.767441860465116144e-02 3.861003861003860921e-02 1.634782608695652117e-01 5.090361445783132543e-01 8.661417322834645549e-02 2.556390977443608881e-01 3.458149779735683049e-01 5.418719211822660420e-02 2.278911564625850372e-01 nan 5.647208121827411720e-01 6.795532646048110248e-01 2.667766776677668039e-01 3.726114649681528390e-01 3.215244229736983206e-01 4.564755838641189056e-01 2.474012474012474150e-01 4.691358024691357764e-01 4.149940968122786122e-01 1.055480378890392423e-01 1.294964028776978415e-01
nan nan nan nan nan nan 3.529411764705882304e-02 1.029411764705882304e-01 4.709141274238227287e-02 nan 5.263157894736841813e-02 nan nan nan 4.330708661417322775e-02 nan nan nan 1.199999999999999956e-01 nan 4.195804195804195974e-02 nan nan 6.629834254143646133e-02 nan 3.867924528301887044e-01 5.519125683060108756e-01 1.736972704714640284e-02 1.431924882629108109e-01 6.759906759906759988e-02 1.076923076923076983e-01 8.108108108108108558e-02 nan 9.090909090909091161e-02 4.807692307692307959e-02 1.176470588235294101e-01 nan nan nan nan 1.890909090909090873e-01 6.719367588932806390e-02 7.617728531855955110e-02 9.872922776148582158e-02 1.437318723815662336e-01 1.415094339622641542e-02 1.663697898111863305e-01 7.692307692307692735e-02 1.011235955056179747e-01 1.992409867172675597e-01 1.048951048951048959e-01 1.072555205047318605e-01 6.167400881057268774e-02 1.638719512195122019e-01 2.059369202226345175e-01 4.522613065326633319e-02 1.381322957198443668e-01 2.545235223160434157e-01 6.648936170212765839e-02 2.219298245614035048e-01 nan 4.976340694006309295e-01 6.302715193529752069e-01 2.290764790764790726e-01 2.988687782805429793e-01 2.292164674634794286e-01 3.419203747072599442e-01 1.940000000000000058e-01 4.816753926701570765e-01 2.836245428687525494e-01 6.403940886699507895e-02 9.392265193370165355e-02
nan nan nan nan nan nan nan 1.052631578947368363e-01 8.677685950413223381e-02 nan 7.746478873239436014e-02 nan nan nan 4.838709677419354704e-02 nan nan nan nan nan 9.230769230769231282e-02 nan nan nan nan 4.609375000000000000e-01 2.912621359223300788e-01 5.923344947735191546e-02 1.428571428571428492e-01 7.058823529411764608e-02 1.651376146788990917e-01 nan nan 1.876832844574780057e-01 9.489051094890510463e-02 9.638554216867470381e-02 nan nan nan nan 3.177966101694915113e-01 1.220930232558139483e-01 3.809523809523809867e-02 1.013727560718057086e-01 1.186274509803921517e-01 7.194244604316546443e-02 1.648888888888888904e-01 4.081632653061224164e-02 1.917293233082706660e-01 1.663157894736842224e-01 1.781652767247915159e-01 1.315789473684210453e-01 1.029810298102981081e-01 2.435158501440922163e-01 3.939393939393939226e-01 9.195402298850574585e-02 1.977528089887640450e-01 2.359307359307359353e-01 7.616707616707617257e-02 3.402163225172074590e-01 nan 6.851851851851852304e-01 5.736170212765957510e-01 2.898077620602103610e-01 3.369950389794472145e-01 2.781021897810219135e-01 2.843729040912139627e-01 1.561051004636785089e-01 3.242375601926163475e-01 3.891531874405328439e-01 8.246225319396051356e-02 1.145833333333333287e-01
nan nan nan nan nan nan nan nan 1.011235955056179747e-01 nan 9.448818897637795144e-02 nan nan nan 9.433962264150944077e-02 nan nan nan nan nan nan nan nan 8.450704225352112520e-02 nan 2.421052631578947401e-01 1.230769230769230838e-01 1.167512690355329980e-01 7.727272727272727071e-02 3.153153153153152866e-02 4.464285714285714385e-02 nan nan 2.102803738317756965e-01 nan nan nan nan 7.228915662650602092e-02 nan 2.658227848101265556e-01 7.407407407407406996e-02 5.797101449275362389e-02 7.420494699646643100e-02 1.262729124236252609e-01 5.194805194805195148e-02 1.852425180598555321e-01 6.832298136645963138e-02 1.542553191489361708e-01 2.983870967741935609e-01 3.413873733437256530e-01 1.727941176470588203e-01 1.712062256809338545e-01 2.993539124192390322e-01 3.571428571428571508e-01 5.952380952380952051e-02 3.147321428571428492e-01 1.002277904328018193e-01 1.393939393939394034e-01 3.279301745635910259e-01 nan 6.854066985645933530e-01 4.024390243902439268e-01 3.603351955307262378e-01 2.411764705882352977e-01 1.990783410138248777e-01 2.038910505836575848e-01 8.260869565217390798e-02 1.883495145631068068e-01 3.933534743202417028e-01 7.917888563049853279e-02 8.040201005025125747e-02
