4.335937500000000000e+01 8.046875000000000000e+01 6.533203100000000063e+01 7.445703100000000063e+01 6.575000000000000000e+01 5.653906200000000126e+01 6.191406200000000126e+01 8.339843799999999874e+01 8.046875000000000000e+01 7.900390600000000063e+01 nan nan nan nan nan nan nan nan nan nan nan nan
7.460937500000000000e+01 3.554687500000000000e+01 4.806054699999999968e+01 5.100000000000000000e+01 5.703125000000000000e+01 4.220312500000000000e+01 7.838671899999999937e+01 6.700000000000000000e+01 6.000000000000000000e+01 6.637500000000000000e+01 nan nan nan nan nan nan nan nan nan nan nan nan
6.142578100000000063e+01 4.800000000000000000e+01 4.335937500000000000e+01 5.400000000000000000e+01 6.046875000000000000e+01 7.132812500000000000e+01 6.679687500000000000e+01 6.200000000000000000e+01 7.000000000000000000e+01 7.265625000000000000e+01 nan nan nan nan nan nan nan nan nan nan nan nan
7.119140600000000063e+01 5.400000000000000000e+01 5.703125000000000000e+01 5.004882800000000032e+01 6.625000000000000000e+01 6.650000000000000000e+01 7.900390600000000063e+01 5.600000000000000000e+01 6.100000000000000000e+01 6.662500000000000000e+01 nan nan nan nan nan nan nan nan nan nan nan nan
6.679687500000000000e+01 6.386718799999999874e+01 7.204199199999999337e+01 7.766113300000000663e+01 5.312500000000000000e+01 5.800781200000000126e+01 5.700000000000000000e+01 7.900000000000000000e+01 7.678125000000000000e+01 7.949218799999999874e+01 nan nan nan nan nan nan nan nan nan nan nan nan
7.432812500000000000e+01 6.093750000000000000e+01 5.800000000000000000e+01 5.898437500000000000e+01 6.700000000000000000e+01 6.875000000000000000e+01 5.602343799999999874e+01 6.300000000000000000e+01 7.678125000000000000e+01 6.098437500000000000e+01 nan nan nan nan nan nan nan nan nan nan nan nan
6.728515600000000063e+01 7.265625000000000000e+01 6.679687500000000000e+01 7.656250000000000000e+01 5.550000000000000000e+01 6.484375000000000000e+01 4.531250000000000000e+01 6.893750000000000000e+01 8.437500000000000000e+01 7.775000000000000000e+01 nan nan nan nan nan nan nan nan nan nan nan nan
8.275000000000000000e+01 6.875000000000000000e+01 7.642187500000000000e+01 6.396679699999999968e+01 7.656250000000000000e+01 7.700000000000000000e+01 8.000000000000000000e+01 4.900000000000000000e+01 5.158593799999999874e+01 6.289062500000000000e+01 nan nan nan nan nan nan nan nan 6.289062500000000000e+01 7.656250000000000000e+01 nan nan
7.656250000000000000e+01 6.093750000000000000e+01 6.600000000000000000e+01 7.275000000000000000e+01 7.400000000000000000e+01 6.679687500000000000e+01 7.085156200000000126e+01 5.505859399999999937e+01 4.682226599999999905e+01 4.475000000000000000e+01 nan nan nan nan nan nan nan nan nan nan nan nan
7.775781200000000126e+01 7.028613300000000663e+01 7.656250000000000000e+01 7.300000000000000000e+01 7.558593799999999874e+01 6.700000000000000000e+01 8.046875000000000000e+01 6.679687500000000000e+01 5.079882800000000032e+01 4.548437500000000000e+01 nan nan nan nan nan nan nan nan nan nan nan nan
nan nan nan nan nan nan nan nan nan nan 5.108593799999999874e+01 7.497558600000000695e+01 6.000000000000000000e+01 7.265625000000000000e+01 7.282812500000000000e+01 7.814941399999999305e+01 7.167968799999999874e+01 6.533203100000000063e+01 8.632812500000000000e+01 8.085156200000000126e+01 7.900000000000000000e+01 7.150000000000000000e+01
nan nan nan nan nan nan nan nan nan nan 7.085156200000000126e+01 7.050000000000000000e+01 6.750000000000000000e+01 7.700000000000000000e+01 7.589648400000000095e+01 6.200000000000000000e+01 7.366406200000000126e+01 6.484375000000000000e+01 nan 8.011718799999999874e+01 8.250000000000000000e+01 8.200000000000000000e+01
nan nan nan nan nan nan nan nan nan nan 6.200000000000000000e+01 6.737500000000000000e+01 5.312500000000000000e+01 5.625000000000000000e+01 5.650000000000000000e+01 6.728515600000000063e+01 6.487500000000000000e+01 6.093750000000000000e+01 8.046875000000000000e+01 7.975000000000000000e+01 7.525000000000000000e+01 7.700390600000000063e+01
nan nan nan nan nan nan nan nan nan nan 8.046875000000000000e+01 7.250000000000000000e+01 6.545800800000000663e+01 4.921875000000000000e+01 5.898437500000000000e+01 5.800000000000000000e+01 5.567480499999999921e+01 5.975000000000000000e+01 7.183984399999999937e+01 6.545800800000000663e+01 6.732421899999999937e+01 6.862500000000000000e+01
nan nan nan 7.000000000000000000e+01 nan nan nan nan nan nan 7.558593799999999874e+01 7.460937500000000000e+01 6.458593799999999874e+01 5.751562500000000000e+01 5.117187500000000000e+01 6.484375000000000000e+01 nan 7.070312500000000000e+01 7.100000000000000000e+01 7.035156200000000126e+01 6.484375000000000000e+01 6.289062500000000000e+01
nan nan nan nan nan nan nan nan nan nan 7.347460900000000095e+01 5.500000000000000000e+01 7.740429699999999968e+01 5.800000000000000000e+01 7.390820300000000032e+01 3.945312500000000000e+01 5.703125000000000000e+01 5.998046899999999937e+01 8.217773400000000095e+01 6.463281200000000126e+01 7.656250000000000000e+01 7.242578100000000063e+01
nan nan nan nan nan nan nan nan nan nan 7.460937500000000000e+01 7.241210900000000095e+01 6.875000000000000000e+01 7.070312500000000000e+01 6.283300799999999953e+01 6.875000000000000000e+01 3.911328100000000063e+01 6.093750000000000000e+01 7.185156200000000126e+01 7.949218799999999874e+01 5.996093799999999874e+01 7.041992199999999968e+01
nan nan nan nan nan nan nan nan nan nan 5.900000000000000000e+01 5.650000000000000000e+01 6.300000000000000000e+01 6.675000000000000000e+01 6.600000000000000000e+01 5.601367199999999968e+01 5.800000000000000000e+01 5.174511700000000047e+01 7.070312500000000000e+01 7.656250000000000000e+01 8.525000000000000000e+01 8.587988300000000663e+01
nan nan nan nan nan nan nan 7.450000000000000000e+01 nan nan 8.559570300000000032e+01 nan 7.850781200000000126e+01 7.167968799999999874e+01 7.400000000000000000e+01 nan 7.550000000000000000e+01 nan 4.726562500000000000e+01 5.400000000000000000e+01 6.875000000000000000e+01 7.241210900000000095e+01
nan nan nan nan nan nan nan 7.350000000000000000e+01 nan nan 7.900000000000000000e+01 7.975000000000000000e+01 8.050000000000000000e+01 6.659765600000000063e+01 7.200000000000000000e+01 7.400000000000000000e+01 6.684765600000000063e+01 7.475000000000000000e+01 5.214843799999999874e+01 4.900000000000000000e+01 6.484375000000000000e+01 5.800000000000000000e+01
nan nan nan nan nan nan nan nan nan nan 7.167968799999999874e+01 8.023437500000000000e+01 7.700000000000000000e+01 6.856250000000000000e+01 7.282812500000000000e+01 6.500000000000000000e+01 5.703125000000000000e+01 7.851562500000000000e+01 5.450000000000000000e+01 6.294531200000000126e+01 4.628906200000000126e+01 6.484375000000000000e+01
nan nan nan nan nan nan nan nan nan nan nan 9.017578100000000063e+01 7.257812500000000000e+01 6.500000000000000000e+01 7.150000000000000000e+01 6.600000000000000000e+01 6.850585900000000095e+01 8.023437500000000000e+01 6.900000000000000000e+01 6.725000000000000000e+01 6.194531200000000126e+01 5.662500000000000000e+01
