3.227394100000000066e+01 5.529952699999999766e+01 4.543156100000000208e+01 5.326104600000000033e+01 4.523145399999999938e+01 4.251874999999999716e+01 4.137688099999999736e+01 5.970349999999999824e+01 6.046588200000000057e+01 5.517245799999999889e+01 nan nan nan nan nan nan nan nan nan nan nan nan
5.032742100000000107e+01 2.619087800000000144e+01 3.490930399999999878e+01 3.754850600000000327e+01 3.874599899999999764e+01 3.155202600000000146e+01 5.313613699999999795e+01 4.612146899999999761e+01 4.045551900000000245e+01 4.588701499999999811e+01 nan nan nan nan nan nan nan nan nan nan nan nan
4.213679100000000233e+01 3.293715999999999866e+01 3.197284499999999952e+01 3.866361100000000306e+01 4.179771800000000326e+01 4.387301599999999979e+01 4.859974499999999864e+01 4.199209599999999654e+01 4.976378199999999907e+01 5.161139699999999664e+01 nan nan nan nan nan nan nan nan nan nan nan nan
4.968217700000000292e+01 3.799769899999999723e+01 3.998570899999999995e+01 3.409082000000000079e+01 5.043164099999999905e+01 4.827073299999999989e+01 5.751072299999999871e+01 3.851115200000000272e+01 4.374875099999999861e+01 4.933155699999999655e+01 nan nan nan nan nan nan nan nan nan nan nan nan
4.345922900000000055e+01 4.325981500000000324e+01 4.668399800000000255e+01 5.185989000000000004e+01 3.554008699999999976e+01 4.024985900000000072e+01 3.812192499999999740e+01 5.628028199999999970e+01 5.244392500000000013e+01 5.528273099999999829e+01 nan nan nan nan nan nan nan nan nan nan nan nan
5.377140599999999893e+01 4.364214799999999883e+01 4.447355799999999704e+01 4.316890599999999978e+01 4.447524099999999692e+01 3.884021099999999649e+01 3.975503700000000151e+01 4.815598399999999657e+01 5.182451900000000222e+01 4.220610599999999835e+01 nan nan nan nan nan nan nan nan nan nan nan nan
4.307446399999999898e+01 5.353975200000000001e+01 4.675852900000000290e+01 5.599499000000000137e+01 3.945638699999999943e+01 4.425877100000000297e+01 3.247860299999999967e+01 4.942833699999999908e+01 6.018624899999999656e+01 5.531783200000000278e+01 nan nan nan nan nan nan nan nan nan nan nan nan
6.511738800000000538e+01 4.683420499999999720e+01 5.346533999999999764e+01 4.201868300000000289e+01 5.487977800000000173e+01 5.580303399999999669e+01 5.914149299999999698e+01 3.363316700000000026e+01 3.773459700000000083e+01 4.326079699999999661e+01 nan nan nan nan nan nan nan nan 4.814075700000000069e+01 5.523948299999999989e+01 nan nan
4.913891999999999882e+01 4.316086399999999657e+01 4.958488200000000035e+01 4.974098000000000042e+01 5.271499299999999977e+01 5.006312199999999990e+01 5.045854200000000134e+01 3.885851300000000208e+01 3.362391499999999667e+01 3.237701700000000216e+01 nan nan nan nan nan nan nan nan nan nan nan nan
5.593964600000000331e+01 4.905110700000000179e+01 5.972064000000000306e+01 5.199299599999999799e+01 5.482072800000000257e+01 4.831813799999999759e+01 5.662792000000000314e+01 4.646566599999999880e+01 3.538627699999999976e+01 3.388230500000000234e+01 nan nan nan nan nan nan nan nan nan nan nan nan
nan nan nan nan nan nan nan nan nan nan 3.480014800000000008e+01 4.927514000000000038e+01 4.126435200000000236e+01 4.989843799999999874e+01 5.121468899999999991e+01 5.478561700000000201e+01 4.707295599999999780e+01 4.352452499999999702e+01 5.683301900000000018e+01 5.648964000000000141e+01 5.748200899999999791e+01 5.135385999999999740e+01
nan nan nan nan nan nan nan nan nan nan 4.889619199999999921e+01 4.633426500000000203e+01 5.054554100000000005e+01 6.029141700000000270e+01 5.594214900000000057e+01 4.004823999999999984e+01 5.018465900000000346e+01 4.110053400000000323e+01 nan 6.351133899999999954e+01 6.162544499999999914e+01 5.775849699999999842e+01
nan nan nan nan nan nan nan nan nan nan 4.234808300000000258e+01 4.469082600000000127e+01 3.644073600000000113e+01 4.173215100000000177e+01 4.105827099999999774e+01 4.811246700000000232e+01 4.321100400000000263e+01 4.237501600000000224e+01 5.362241199999999708e+01 5.668493600000000043e+01 5.375120799999999832e+01 5.756613500000000272e+01
nan nan nan nan nan nan nan nan nan nan 5.314776200000000017e+01 5.099093799999999987e+01 4.241409800000000274e+01 3.631510399999999805e+01 4.057666400000000095e+01 4.037538399999999683e+01 3.931319100000000333e+01 4.427346399999999704e+01 4.816139900000000296e+01 4.474195300000000231e+01 4.715637499999999704e+01 4.688062800000000152e+01
nan nan nan 5.222412899999999780e+01 nan nan nan nan nan nan 5.113410900000000225e+01 5.555374199999999973e+01 4.379464699999999766e+01 3.852537099999999981e+01 3.712102300000000099e+01 4.414365999999999701e+01 nan 5.123766499999999979e+01 4.770305400000000162e+01 4.623367999999999967e+01 4.843599900000000247e+01 4.566522799999999904e+01
nan nan nan nan nan nan nan nan nan nan 5.252509200000000078e+01 3.736288400000000109e+01 5.552287700000000115e+01 4.240544799999999981e+01 4.995082500000000181e+01 2.997384299999999868e+01 4.264936900000000009e+01 4.090681000000000012e+01 5.662665100000000251e+01 5.122379399999999805e+01 5.467900699999999858e+01 5.001524299999999812e+01
nan nan nan nan nan nan nan nan nan nan 5.058582799999999935e+01 4.877339299999999866e+01 4.678505499999999984e+01 4.291414100000000076e+01 4.659284600000000154e+01 4.291240400000000221e+01 2.640913899999999970e+01 3.910433499999999896e+01 5.020324200000000303e+01 5.397758000000000322e+01 4.210593699999999728e+01 4.687818500000000199e+01
nan nan nan nan nan nan nan nan nan nan 4.199801200000000279e+01 4.007733000000000345e+01 4.367450699999999841e+01 4.483286799999999772e+01 4.841668299999999903e+01 3.917644200000000154e+01 3.633920899999999676e+01 3.643307899999999933e+01 5.114050300000000249e+01 5.790258500000000197e+01 6.286361099999999880e+01 6.189173199999999753e+01
nan nan nan nan nan nan nan 5.656956300000000226e+01 nan nan 6.477699800000000607e+01 nan 5.794965299999999786e+01 4.970157799999999781e+01 5.135682200000000108e+01 nan 5.072326900000000194e+01 nan 3.423570500000000294e+01 3.818012900000000087e+01 4.595679299999999756e+01 4.776944799999999702e+01
nan nan nan nan nan nan nan 5.762086200000000247e+01 nan nan 5.439410500000000326e+01 5.960901299999999736e+01 5.562692799999999949e+01 4.414751299999999645e+01 4.668995000000000317e+01 5.350737800000000277e+01 4.635143699999999711e+01 5.130273400000000095e+01 3.753384400000000198e+01 3.618648600000000215e+01 4.448278899999999680e+01 4.132305999999999813e+01
nan nan nan nan nan nan nan nan nan nan 5.484717200000000048e+01 6.260848500000000172e+01 5.657497399999999743e+01 4.687909700000000157e+01 5.132529699999999906e+01 4.735822100000000034e+01 4.635010900000000333e+01 5.960452000000000083e+01 3.703693599999999719e+01 4.291825299999999999e+01 3.438063799999999759e+01 4.047704000000000235e+01
nan nan nan nan nan nan nan nan nan nan nan 6.625868099999999572e+01 5.143855299999999886e+01 4.791752699999999976e+01 5.322352399999999761e+01 4.974693599999999805e+01 4.224374300000000204e+01 5.944811099999999726e+01 4.838874100000000311e+01 4.950506699999999682e+01 4.081119699999999995e+01 3.811522099999999824e+01
