2.578125000000000000e+01 5.507812500000000000e+01 4.531250000000000000e+01 5.652734399999999937e+01 4.500000000000000000e+01 3.359375000000000000e+01 3.500000000000000000e+01 6.100000000000000000e+01 6.484375000000000000e+01 5.556640600000000063e+01 nan nan nan nan nan nan nan nan nan nan nan nan
5.100000000000000000e+01 2.187500000000000000e+01 2.773437500000000000e+01 3.457031200000000126e+01 3.554687500000000000e+01 2.382812500000000000e+01 4.900000000000000000e+01 4.025000000000000000e+01 3.600000000000000000e+01 4.300000000000000000e+01 nan nan nan nan nan nan nan nan nan nan nan nan
3.873828100000000063e+01 2.382812500000000000e+01 2.428027300000000110e+01 3.261718799999999874e+01 3.950000000000000000e+01 3.900000000000000000e+01 4.921875000000000000e+01 4.120312500000000000e+01 4.921875000000000000e+01 5.650000000000000000e+01 nan nan nan nan nan nan nan nan nan nan nan nan
4.700000000000000000e+01 3.100000000000000000e+01 3.200000000000000000e+01 2.578125000000000000e+01 5.350000000000000000e+01 4.600000000000000000e+01 5.898437500000000000e+01 3.500000000000000000e+01 4.140625000000000000e+01 4.886523400000000095e+01 nan nan nan nan nan nan nan nan nan nan nan nan
3.554687500000000000e+01 3.750000000000000000e+01 4.317968799999999874e+01 4.910937500000000000e+01 2.578125000000000000e+01 3.554687500000000000e+01 3.000000000000000000e+01 5.650000000000000000e+01 5.100000000000000000e+01 5.400000000000000000e+01 nan nan nan nan nan nan nan nan nan nan nan nan
5.117187500000000000e+01 3.627343799999999874e+01 4.300000000000000000e+01 3.250000000000000000e+01 4.140625000000000000e+01 2.578125000000000000e+01 3.945312500000000000e+01 4.900000000000000000e+01 5.000000000000000000e+01 3.379687500000000000e+01 nan nan nan nan nan nan nan nan nan nan nan nan
3.945312500000000000e+01 5.312500000000000000e+01 4.482421899999999937e+01 5.898437500000000000e+01 3.359375000000000000e+01 4.140625000000000000e+01 2.391406200000000126e+01 4.960937500000000000e+01 5.898437500000000000e+01 5.507812500000000000e+01 nan nan nan nan nan nan nan nan nan nan nan nan
7.100000000000000000e+01 4.500000000000000000e+01 5.553906200000000126e+01 3.650000000000000000e+01 5.701562500000000000e+01 5.200000000000000000e+01 5.998046899999999937e+01 2.400000000000000000e+01 2.900000000000000000e+01 4.335937500000000000e+01 nan nan nan nan nan nan nan nan 5.117187500000000000e+01 5.703125000000000000e+01 nan nan
4.384765600000000063e+01 4.300000000000000000e+01 4.921875000000000000e+01 4.700000000000000000e+01 5.312500000000000000e+01 5.100000000000000000e+01 5.214843799999999874e+01 3.700000000000000000e+01 2.578125000000000000e+01 2.391406200000000126e+01 nan nan nan nan nan nan nan nan nan nan nan nan
6.093750000000000000e+01 4.800000000000000000e+01 6.343359399999999937e+01 5.200000000000000000e+01 6.000000000000000000e+01 4.600000000000000000e+01 5.410156200000000126e+01 4.600000000000000000e+01 2.800000000000000000e+01 2.650683599999999984e+01 nan nan nan nan nan nan nan nan nan nan nan nan
nan nan nan nan nan nan nan nan nan nan 2.700000000000000000e+01 4.555664099999999905e+01 3.577343799999999874e+01 4.677734399999999937e+01 5.100000000000000000e+01 5.800390600000000063e+01 4.200000000000000000e+01 3.800000000000000000e+01 5.200000000000000000e+01 5.700000000000000000e+01 5.996093799999999874e+01 5.507812500000000000e+01
nan nan nan nan nan nan nan nan nan nan 5.019531200000000126e+01 4.433593799999999874e+01 5.100000000000000000e+01 5.700000000000000000e+01 5.703125000000000000e+01 3.000000000000000000e+01 5.250000000000000000e+01 3.823828100000000063e+01 nan 6.550000000000000000e+01 6.400000000000000000e+01 5.400000000000000000e+01
nan nan nan nan nan nan nan nan nan nan 3.872070300000000032e+01 4.262695300000000032e+01 2.786718799999999874e+01 3.626171899999999937e+01 3.600000000000000000e+01 4.600000000000000000e+01 3.994140600000000063e+01 4.100000000000000000e+01 5.263671899999999937e+01 5.677148400000000095e+01 5.750000000000000000e+01 5.502734399999999937e+01
nan nan nan nan nan nan nan nan nan nan 5.117187500000000000e+01 4.810937500000000000e+01 3.379687500000000000e+01 2.944335900000000095e+01 3.400000000000000000e+01 3.600000000000000000e+01 3.329687500000000000e+01 4.500000000000000000e+01 4.531250000000000000e+01 3.900000000000000000e+01 4.500000000000000000e+01 4.375000000000000000e+01
nan nan nan 5.700000000000000000e+01 nan nan nan nan nan nan 4.824218799999999874e+01 5.703125000000000000e+01 4.140625000000000000e+01 3.310546899999999937e+01 3.359375000000000000e+01 3.922656200000000126e+01 nan 5.141601599999999905e+01 4.500000000000000000e+01 4.300000000000000000e+01 4.800000000000000000e+01 4.150000000000000000e+01
nan nan nan nan nan nan nan nan nan nan 5.257421899999999937e+01 3.400000000000000000e+01 5.800000000000000000e+01 4.200000000000000000e+01 4.726562500000000000e+01 2.431640600000000063e+01 4.140625000000000000e+01 3.750000000000000000e+01 5.500000000000000000e+01 5.214843799999999874e+01 5.553906200000000126e+01 4.921875000000000000e+01
nan nan nan nan nan nan nan nan nan nan 4.921875000000000000e+01 4.400000000000000000e+01 4.433593799999999874e+01 3.945312500000000000e+01 4.650000000000000000e+01 3.725000000000000000e+01 1.601562500000000000e+01 2.968750000000000000e+01 4.238281200000000126e+01 5.400000000000000000e+01 4.244140600000000063e+01 4.500000000000000000e+01
nan nan nan nan nan nan nan nan nan nan 3.861621099999999984e+01 3.359375000000000000e+01 3.800000000000000000e+01 4.350000000000000000e+01 4.600000000000000000e+01 3.261718799999999874e+01 2.700000000000000000e+01 2.984375000000000000e+01 4.628906200000000126e+01 5.850000000000000000e+01 6.700000000000000000e+01 6.222460900000000095e+01
nan nan nan nan nan nan nan 5.507812500000000000e+01 nan nan 7.500000000000000000e+01 nan 5.898437500000000000e+01 4.531250000000000000e+01 5.306250000000000000e+01 nan 5.000000000000000000e+01 nan 2.950000000000000000e+01 3.300000000000000000e+01 4.458007800000000032e+01 4.400000000000000000e+01
nan nan nan nan nan nan nan 5.117187500000000000e+01 nan nan 5.900000000000000000e+01 6.587500000000000000e+01 5.507812500000000000e+01 4.021484399999999937e+01 4.342968799999999874e+01 5.117187500000000000e+01 4.500000000000000000e+01 5.200000000000000000e+01 3.100000000000000000e+01 2.850000000000000000e+01 4.200000000000000000e+01 3.577343799999999874e+01
nan nan nan nan nan nan nan nan nan nan 5.750000000000000000e+01 6.728515600000000063e+01 5.800000000000000000e+01 4.367382800000000032e+01 4.800000000000000000e+01 4.726562500000000000e+01 4.238281200000000126e+01 6.484375000000000000e+01 2.968750000000000000e+01 4.200000000000000000e+01 2.578125000000000000e+01 3.350000000000000000e+01
nan nan nan nan nan nan nan nan nan nan nan 7.232812500000000000e+01 5.410156200000000126e+01 4.335937500000000000e+01 5.500000000000000000e+01 4.824218799999999874e+01 3.775000000000000000e+01 5.703125000000000000e+01 4.600000000000000000e+01 5.100000000000000000e+01 3.100000000000000000e+01 3.017578100000000063e+01
