5.098691169489354830e-02 4.525266085224211032e-02 4.145651165804009608e-02 3.895942264634433966e-02 4.199956332771301315e-02 6.282692810213236223e-02 3.985584418327199618e-02 3.436887128972544031e-02 3.938108023642138827e-02 4.242242315968450944e-02 7.191453565079733434e-02 1.654070487493836672e-01 4.837405597589343464e-02 1.126702300545736474e-01 5.920284689277108964e-02 2.016226006676273275e-01 1.391648625075762591e-01 1.308784651291369505e-01 2.021914792775330316e-01 8.960801800303427878e-02 1.487938242192647365e-01 9.709845324768795471e-02
5.259680835092273715e-02 4.785804424713930444e-02 4.540691868337054515e-02 4.797662467692619115e-02 4.614695151153315467e-02 6.586624361660704807e-02 4.642313730343133882e-02 3.419849986789651186e-02 4.228795358118843384e-02 4.882671438043165169e-02 6.992287422551574094e-02 1.567291602692535424e-01 8.607752256590750495e-02 1.426529228993428933e-01 1.187701688658017868e-01 1.138108950760257920e-01 1.833083607398829917e-01 2.847839377861224319e-01 1.057408427597742728e-01 7.818157588519968060e-02 8.503223620940374150e-02 1.607383185605434639e-01
4.711220694181093155e-02 4.253387082239498684e-02 3.338982494455125516e-02 3.698584530482022098e-02 3.965712374553823083e-02 6.567823084678423018e-02 3.961394235135037162e-02 2.802317888439556301e-02 3.357161184604427751e-02 3.620074135431442658e-02 4.969725234836283589e-02 1.567291602692535424e-01 6.865665102066588477e-02 7.797591761342756445e-02 6.110406427302696869e-02 1.212062626961717127e-01 1.141314857630818108e-01 9.150761923235031792e-02 9.928971556786102270e-02 2.950288780743136677e-02 8.861239373791336693e-02 5.114275264141209670e-02
4.303968920695663836e-02 4.773933529546366822e-02 3.730553280263670252e-02 3.244848801801802907e-02 3.776419250227305152e-02 6.769368228426832224e-02 4.646724432484002770e-02 2.853852853776020146e-02 3.757804392376274533e-02 4.776341752498640403e-02 5.130446105554448133e-02 1.220766011909298066e-01 7.109939530994315027e-02 1.068907625887599439e-01 8.279563812949394808e-02 2.680441302099209611e-01 2.099641619349884580e-01 1.292054265838012139e-01 1.117930514716768547e-01 8.775031715378026065e-02 2.149546174496765050e-01 3.809628615373578109e-01
4.660940993986843750e-02 4.937816872620092584e-02 3.965835686597151549e-02 4.120658454349102051e-02 3.803255111649895409e-02 6.492096794340172783e-02 4.514676337971192110e-02 3.025941008568610452e-02 4.360822205182092459e-02 4.085945454855684916e-02 8.939869421619277279e-02 9.728285830536229084e-02 6.549255244361487649e-02 8.213318442298649102e-02 3.630571430294209784e-02 1.312717339269038053e-01 1.246172698577557858e-01 1.087276110865135481e-01 1.056082981608370275e-01 5.812897555136351674e-02 1.157498122762926906e-01 4.973263383471304006e-02
6.887245145545818625e-02 6.272625826821159878e-02 5.766020770316306748e-02 6.272625826821159878e-02 5.222533362345536945e-02 6.447055721631214653e-02 5.562636640388027298e-02 4.146129401715429458e-02 5.326532315030287068e-02 5.221302652878788420e-02 nan 1.718565444154556976e-01 2.099641619349884580e-01 3.058650914250685693e-01 2.272740130512162782e-01 3.367230529138357520e-01 2.518895579304359922e-01 2.096897849483002618e-01 3.100241081412358768e-01 2.243068117006538353e-01 2.640856206090247404e-01 3.010048489102398750e-01
3.617407488916117575e-02 3.342136837637338376e-02 3.201234191325637302e-02 3.727142519296039458e-02 3.731998585982257421e-02 4.745712658308910703e-02 3.568991631193168396e-02 2.857049806520749538e-02 3.372267734268442896e-02 3.467393086595260687e-02 7.641462004467691749e-02 9.017299372606008001e-02 5.301208998512380727e-02 7.902786052571696140e-02 7.222516934035150271e-02 1.477100110941847455e-01 1.385082643912335376e-01 1.125460122580330818e-01 9.413839991354819303e-02 7.625057228714943180e-02 1.921396429210663614e-01 1.909609249328599601e-01
3.787080477584931631e-02 3.138540625148202035e-02 2.477539786738194166e-02 2.645109885631168750e-02 3.005133232070166319e-02 4.140274950980084995e-02 3.098927008713556197e-02 1.845138240567121418e-02 2.854633789806879790e-02 3.174595517991962712e-02 4.903292777587850426e-02 1.628895619777518400e-01 6.076539312623003425e-02 7.715033169938549651e-02 8.270035566039178609e-02 2.718136272412727816e-01 1.778933662145336103e-01 1.292361684748479511e-01 7.529049310008613383e-02 5.766020770316306748e-02 8.621791963312971929e-02 1.141314857630818108e-01
4.608381715743389839e-02 4.176494427382505120e-02 3.304754352621765146e-02 3.675189317289185437e-02 4.008689192799046869e-02 5.941222771870447589e-02 4.551860833813842905e-02 2.811789230202989612e-02 3.245844299355762907e-02 3.626137441981334281e-02 1.978571051326983021e-01 8.528711756106432951e-02 1.215862570285424216e-01 1.797145380881214893e-01 1.073452234431717250e-01 2.854174148212371698e-01 2.373725694749826143e-01 1.369495516041328298e-01 1.280775613140734126e-01 1.045302247377821181e-01 1.165941736293701625e-01 1.702892759850354598e-01
4.705063991172338950e-02 4.810134999501881198e-02 3.774316964911920980e-02 4.555261945448942085e-02 3.802488467803354782e-02 4.676072617535688425e-02 4.403954710739836631e-02 3.056709787223177432e-02 3.580485318625777069e-02 3.761978439176448530e-02 2.272740130512162782e-01 1.496813276065086240e-01 2.854174148212371698e-01 1.716893028953822009e-01 1.438192838647300020e-01 1.648818646504159047e-01 1.552567459037317299e-01 1.513825105885968914e-01 1.210879340251275194e-01 1.484413976458708040e-01 1.294422474713236015e-01 1.521907579044960712e-01
7.034835980601189531e-02 8.230158648448106240e-02 4.521441873628028602e-02 4.260843611708273193e-02 1.033759281807919567e-01 3.100241081412358768e-01 4.117871162286437792e-02 4.962194505154194496e-02 1.108925797698738086e-01 1.369495516041328298e-01 3.234589619003062216e-02 3.743775137986148083e-02 3.110331385987124067e-02 4.164597766192082440e-02 2.773339481179537200e-02 3.690612371237432521e-02 6.074940353684583905e-02 3.444668824254610434e-02 4.374077574606997226e-02 3.625791341103232895e-02 4.065905140508287163e-02 3.886165066027196663e-02
1.277361002975799520e-01 1.215747174679710635e-01 1.102047269562347886e-01 1.292260678784822592e-01 1.134181118325065796e-01 1.705576128677656345e-01 8.831990327688912790e-02 1.250794796341924142e-01 1.433686820651691174e-01 1.238582641578162835e-01 3.709980055408179656e-02 4.249417927714196908e-02 2.656815391741564752e-02 3.701814781476652633e-02 3.195295064784870603e-02 4.298071362439366550e-02 5.794700368698547932e-02 3.094529937641746914e-02 3.358643662133149049e-02 3.023632701363524952e-02 3.443570209638033980e-02 4.455950790893152547e-02
4.739177538240015725e-02 8.504638865609259746e-02 6.317076645254959821e-02 5.127753302892737453e-02 8.947886863545666258e-02 2.455195743495247329e-01 5.989783008167851724e-02 6.869600742886597389e-02 8.170913850015136537e-02 9.249137837619519908e-02 3.229188065248310424e-02 3.508752622380897218e-02 2.979348758935413191e-02 3.802225520791800012e-02 2.652424982110994367e-02 3.933754344988970447e-02 5.960188461280194194e-02 3.859981809180042939e-02 3.769313747192593045e-02 2.716529623304451274e-02 3.009600864891274347e-02 3.061699287420577981e-02
1.316081928054340378e-01 1.214903958028379499e-01 6.744945929088205783e-02 4.275466154732388696e-02 1.049329530973998337e-01 1.950677444450527043e-01 1.383195241321927282e-01 7.434897882186169982e-02 1.733656272819612820e-01 2.022694440619842438e-01 3.995893266772870128e-02 4.232333551395216220e-02 3.569235523398579107e-02 4.360130374666994907e-02 3.379957381539124006e-02 5.923635222587691346e-02 7.940805231421600718e-02 5.049445215083137734e-02 4.758733396864556209e-02 4.047473868914781836e-02 4.511490491566456235e-02 5.004178761067117065e-02
3.180004776042730935e-02 1.089718619746311151e-01 5.521992035260930159e-02 7.056189091288483928e-02 5.224783301646419159e-02 2.292682995800220114e-01 3.749309578013094307e-02 7.258433282747420168e-02 8.104960334625160856e-02 9.034721983471924456e-02 2.319326136689332102e-02 3.435672796591406758e-02 2.582141165952200543e-02 3.205046207258248347e-02 2.238636923679910087e-02 3.670441337357434330e-02 5.802929701117728878e-02 2.967680740669716849e-02 3.527124096749162385e-02 2.486802552885473278e-02 3.219396361299988601e-02 2.987807316450845005e-02
1.052909979129314083e-01 1.687812364194843928e-01 1.066122451266711679e-01 9.331328787392949298e-02 1.256281331071288365e-01 3.367230529138357520e-01 1.039181527058570531e-01 1.433686820651691174e-01 1.369495516041328298e-01 1.413819589199656890e-01 3.159064531316323199e-02 4.363086469561536229e-02 3.123780230586678530e-02 3.942369025712722658e-02 3.001853269812361849e-02 3.735841978701250066e-02 6.638570944882926650e-02 3.532049168764375691e-02 5.314585797009155343e-02 4.532186780026575129e-02 4.084857164207721797e-02 4.896416609239317985e-02
1.036398716214699672e-01 1.875106041367018139e-01 6.784385724736635703e-02 9.735229201872330762e-02 1.249012718363007174e-01 2.659033913456306797e-01 6.105009626464656669e-02 9.202072703070410253e-02 1.514286907967710427e-01 1.178108944393619767e-01 6.321505495798535046e-02 6.487679865971990312e-02 4.780125998243538871e-02 6.089268332019092539e-02 4.940284514419499007e-02 6.866666774678212293e-02 7.608786516336089878e-02 5.598336048604567183e-02 6.219597209197903070e-02 4.952207582239323558e-02 5.147579005595021712e-02 5.578758653373053905e-02
1.106088865708002161e-01 1.983453579040808656e-01 7.333351848964492214e-02 7.772481145170896666e-02 1.550610039726676992e-01 2.228869875753667351e-01 1.156193501539324181e-01 8.829978385463470303e-02 1.046049231756994158e-01 1.215747174679710635e-01 3.284458024311488755e-02 3.505903145249447683e-02 3.010451762596439568e-02 4.138082543713097333e-02 2.763391003942462093e-02 4.020956932490485358e-02 5.750207455947872748e-02 3.066262643727941592e-02 3.363726046854212393e-02 3.066553222713147217e-02 3.360024327840990116e-02 3.919384165392552494e-02
1.607383185605434639e-01 1.214903958028379499e-01 1.165149169687750702e-01 1.263159641985776294e-01 1.490319631111133580e-01 3.367230529138357520e-01 1.463798034966141415e-01 8.688313258741896250e-02 1.385527111809586320e-01 1.026729785932340155e-01 5.483034330692910380e-02 5.823577941316188111e-02 3.981049776129267498e-02 4.478281457537915122e-02 3.521158445118979796e-02 5.768399517751281874e-02 8.935524345342296670e-02 4.220803909940350207e-02 4.646515364568422346e-02 3.279748577630811623e-02 4.738270335149248613e-02 4.837897016593540461e-02
7.528373941193088059e-02 5.867909764167966724e-02 4.786491602085636565e-02 8.946757135197321020e-02 7.408062098212282731e-02 1.921396429210663614e-01 3.925507819739030430e-02 7.132212421194145113e-02 1.189273389884117488e-01 1.269826694233464337e-01 3.542776907166683698e-02 3.942017217583395489e-02 2.691622835225208205e-02 3.876946359309166312e-02 2.487956744407458093e-02 4.137180355468868947e-02 5.839016521185312614e-02 3.382625853931612442e-02 3.468195626598026549e-02 3.031951906718311635e-02 3.715819390038190007e-02 3.888657219266597465e-02
1.215747174679710635e-01 1.443661982682967193e-01 8.094644858822001854e-02 8.634270201166974190e-02 7.721008157878381239e-02 2.272740130512162782e-01 6.341181605714771297e-02 8.679121715250391611e-02 1.154890865072512873e-01 1.176738025776801894e-01 3.908304557798195078e-02 4.184312919281660964e-02 3.109610224287034236e-02 4.257133588730393353e-02 3.179485646922983189e-02 5.098547942017448570e-02 6.778173794991702861e-02 3.882537136062424316e-02 4.489344154931659142e-02 3.623157704441903187e-02 3.803719309893849321e-02 4.154112519207660281e-02
8.780750357280633911e-02 1.864209492617320274e-01 6.098720739336101204e-02 4.275466154732388696e-02 1.280045665697339963e-01 2.718136272412727816e-01 9.249137837619519908e-02 8.296193121061694320e-02 1.267103951554829910e-01 1.120175899594597069e-01 3.384818078879776870e-02 4.270007848578454696e-02 3.032696670097925762e-02 4.188683659454638802e-02 3.221158019291712332e-02 5.681150975185533109e-02 7.310811934303620974e-02 4.220714513863303707e-02 4.449664218947571581e-02 3.691686676855168714e-02 4.263993099697933886e-02 4.485241413039973285e-02
