2.096077929881256519e-01 1.983453579040808656e-01 9.709845324768795471e-02 1.438192838647300020e-01 8.025505355898272797e-02 2.476136336469768606e-01 2.847839377861224319e-01 7.721008157878381239e-02 1.449196869641133090e-01 1.734260371391387612e-01 nan nan nan nan nan nan nan nan nan nan nan nan
2.718136272412727816e-01 2.455195743495247329e-01 1.490319631111133580e-01 1.546374598621967633e-01 2.292682995800220114e-01 1.138246036127208288e-01 1.634193373935493299e-01 8.829978385463470303e-02 4.224402694571866013e-02 4.134462024298698329e-02 nan nan nan nan 4.357751717092057109e-01 nan nan nan nan nan nan nan
1.241817997430071097e-01 1.094413334903795026e-01 5.679178031801284526e-02 5.562614353050422678e-02 1.033367418590916131e-01 9.461173438475908859e-02 1.176402401030279127e-01 2.854777294634790533e-02 4.563097019844277596e-02 3.321503910191932890e-02 3.809628615373578109e-01 nan nan 4.054687942657692612e-01 2.854174148212371698e-01 3.809628615373578109e-01 nan nan 2.854174148212371698e-01 1.607383185605434639e-01 1.438192838647300020e-01 2.455195743495247329e-01
nan 4.357751717092057109e-01 3.367230529138357520e-01 nan nan 4.357751717092057109e-01 nan 2.022694440619842438e-01 9.413839991354819303e-02 8.503223620940374150e-02 nan nan nan nan 3.809628615373578109e-01 nan nan nan nan nan nan nan
1.559814869328064180e-01 4.967805919919027896e-02 2.700634038795102915e-02 3.142089387068911638e-02 4.895179674995618624e-02 1.233184117747667258e-01 8.418795730933391341e-02 3.927533166203125981e-02 4.532732656260847481e-02 4.705063991172338950e-02 3.809628615373578109e-01 2.476136336469768606e-01 3.706415575838594711e-01 3.809628615373578109e-01 2.854174148212371698e-01 2.476136336469768606e-01 nan 3.809628615373578109e-01 1.821209058191011199e-01 2.099641619349884580e-01 2.476136336469768606e-01 1.950677444450527043e-01
7.941182604190344385e-02 4.611757523454797225e-02 2.111519800510750985e-02 3.413594082104476346e-02 3.177035785108543731e-02 6.196643210878104852e-02 4.519319091029973950e-02 3.326943164018834886e-02 3.945083040604725755e-02 4.363818609538992754e-02 3.809628615373578109e-01 2.292682995800220114e-01 2.476136336469768606e-01 2.718136272412727816e-01 1.707693057414993720e-01 3.706415575838594156e-01 2.455195743495247329e-01 3.010048489102398750e-01 7.178233962939632729e-02 5.046221317221189634e-02 1.707693057414993720e-01 4.054687942657692612e-01
5.292646467207870464e-02 3.820321160769222374e-02 2.333032794941320917e-02 3.978173770308341545e-02 2.968070776306537192e-02 5.648972555180694494e-02 5.606689969549790570e-02 1.975710675571301644e-02 2.115524933990308928e-02 2.563509445375318843e-02 1.002556688752571368e-01 1.266647029771968691e-01 8.528711756106432951e-02 2.718136272412727816e-01 3.703860171617828073e-02 4.054687942657692612e-01 1.050339641654033790e-01 1.607383185605434639e-01 9.096330184408264741e-02 5.243041478040254277e-02 7.222516934035150271e-02 1.438192838647300020e-01
4.995944329405677814e-02 4.138338306916404530e-02 2.589558967432283032e-02 3.630389931642836326e-02 3.868651868939217142e-02 6.606995448583831421e-02 4.195287478935207787e-02 1.621840275658647731e-02 2.038964477518430060e-02 2.401233687945087195e-02 2.640856206090247404e-01 1.821209058191011199e-01 1.212062626961717127e-01 3.010048489102398750e-01 4.629815447641745518e-02 1.909609249328599601e-01 nan 3.100241081412358768e-01 6.371981810987972783e-02 5.130526695371168122e-02 7.333088028466883124e-02 7.222516934035150271e-02
2.689596259285426810e-02 1.571032695495084772e-02 1.338910762436163783e-02 1.460164289050274247e-02 2.381235742058032331e-02 2.939975615252721913e-02 1.987298044958363957e-02 1.147300122076107612e-02 1.276137140509626261e-02 1.348623148984262436e-02 4.176382165939205443e-02 7.740001627038527177e-02 3.523866494334754185e-02 4.224402694571866013e-02 2.717552165809337603e-02 7.434897882186169982e-02 5.889329705628416206e-02 9.163546505084714522e-02 2.328385863060443081e-02 1.576603603470013229e-02 2.448948072827213454e-02 3.059253561191050894e-02
7.222516934035150271e-02 6.190706080847437065e-02 4.754200987371274417e-02 4.588360701955442739e-02 8.102773107572346090e-02 9.096330184408264741e-02 1.094413334903795026e-01 3.036403682405631327e-02 2.701494081869511288e-02 4.022416509662032208e-02 3.010048489102398750e-01 nan 2.272740130512162782e-01 nan 1.607383185605434639e-01 nan nan nan 2.099641619349884580e-01 1.021648821154323428e-01 1.250794796341924142e-01 2.640856206090247404e-01
1.929557835239968655e-02 2.296682359171055635e-02 1.234484295949641458e-02 1.223039725625944124e-02 2.184787370620336344e-02 2.822781389761254076e-02 1.995934161437453239e-02 1.302837081675187365e-02 1.531191846085146017e-02 1.659872856883950337e-02 4.900560263986489945e-02 5.186133984767241772e-02 5.824227614607601494e-02 4.917530848776116570e-02 4.752933769991482538e-02 6.194217719023450974e-02 4.169096634077254504e-02 7.626144859266316411e-02 3.644244694118212863e-02 3.570039855152053881e-02 4.866041969716958931e-02 3.433415927359349806e-02
5.301161478811147049e-02 3.041525245149784631e-02 2.229880357564519022e-02 3.259496490220125525e-02 3.857945919202543372e-02 6.909952726326486216e-02 5.204906245765935496e-02 2.823709971764204810e-02 3.873663637358350925e-02 3.385796637346866200e-02 7.372847625073611355e-02 1.438192838647300020e-01 8.528711756106432951e-02 8.804698498806523554e-02 1.002556688752571368e-01 1.607383185605434639e-01 1.187712532832855272e-01 1.607383185605434639e-01 1.098484689692239974e-01 1.157498122762926906e-01 6.993618725097662525e-02 4.697334734129097328e-02
6.001842231459256216e-02 7.194106603243037579e-02 4.403172365780150255e-02 3.197885862423342079e-02 5.757296681427710033e-02 8.051604098620068761e-02 9.487944548587380622e-02 3.635028565807891382e-02 4.612955232141278256e-02 4.258741284986427428e-02 3.010048489102398750e-01 1.187712532832855272e-01 2.099641619349884580e-01 nan 2.292682995800220114e-01 2.854174148212371698e-01 1.066122451266711679e-01 1.716893028953822009e-01 9.099106753621995225e-02 7.372847625073611355e-02 1.607383185605434639e-01 2.125152900469710615e-01
6.743387545457171783e-02 7.116685104961391339e-02 5.206113230385842061e-02 4.589953736385574135e-02 5.636090257346679927e-02 8.139921458513577068e-02 5.985452593618838246e-02 5.586258767547103848e-02 3.528263982635185259e-02 3.878490876300408341e-02 nan nan nan nan 1.821209058191011199e-01 nan nan nan nan nan nan nan
9.873404296745687606e-03 1.587186174990495510e-02 1.103481625444606949e-02 1.805208836434043368e-02 1.494954268850480321e-02 1.741401009540706826e-02 1.120943334277390256e-02 1.206270383797348328e-02 1.529644408415241005e-02 1.528792560412133364e-02 2.651516149883260953e-02 6.129054864578616785e-02 3.552641538394689380e-02 5.633256425676114870e-02 5.100391473595484310e-02 5.979931318898114301e-02 4.973263383471304006e-02 3.890329799514016806e-02 3.098987806694648156e-02 2.509888795331961450e-02 4.619617863406449282e-02 6.822648656461859085e-02
3.977366230758466042e-02 4.012050344924058404e-02 4.725168704557968641e-02 4.201608994813866432e-02 3.272539731320761591e-02 4.185453376989720087e-02 2.899865424587098547e-02 2.522357742265098415e-02 2.455748195967116451e-02 2.633991899559988067e-02 3.367230529138357520e-01 3.809628615373578109e-01 3.809628615373578109e-01 3.010048489102398750e-01 3.010048489102398750e-01 nan nan 3.809628615373578109e-01 nan nan 4.054687942657692612e-01 3.367230529138357520e-01
3.070708410474065272e-02 4.788567946695340000e-02 3.157393733732213881e-02 3.320347657828676136e-02 2.764408913128062542e-02 4.447024734642573973e-02 2.946941020451243273e-02 2.750000189056603025e-02 3.119653996970791002e-02 2.738307161725548125e-02 3.010048489102398750e-01 nan 2.455195743495247329e-01 3.809628615373578109e-01 2.073771042587912172e-01 4.357751717092057109e-01 2.718136272412727816e-01 nan 3.367230529138357520e-01 1.950677444450527043e-01 3.706415575838594156e-01 2.099641619349884580e-01
2.898540766538543895e-02 3.630600503433563386e-02 3.232782108051220071e-02 3.950542340765201416e-02 3.208492305039236520e-02 4.193929817882811883e-02 2.772842276548741908e-02 2.118837129550259213e-02 2.476221266454235737e-02 2.408623717457543389e-02 2.073771042587912172e-01 2.125152900469710615e-01 1.138108950760257920e-01 9.461173438475908859e-02 1.250794796341924142e-01 3.367230529138357520e-01 3.809628615373578109e-01 3.010048489102398750e-01 7.197429424819676291e-02 8.281330453853151530e-02 1.036398716214699672e-01 8.269473071902942729e-02
5.400709370254585390e-02 4.005745343897622324e-02 3.410199760353914422e-02 3.262660946269561879e-02 3.641238508408778385e-02 5.881888828530994207e-02 4.030942246384432853e-02 2.660171468551784588e-02 3.816886075935227440e-02 4.371175322669402369e-02 4.881604879987959389e-02 8.395421452024791342e-02 4.572518426629740979e-02 6.649901325323033519e-02 5.340782936618700821e-02 1.101010667704736129e-01 1.108925797698738086e-01 9.096330184408264741e-02 1.568609840245125120e-01 5.405948268385450672e-02 1.101010667704736129e-01 1.733321924549340864e-01
8.328408743292184391e-02 8.642419728062303297e-02 7.894453495047411284e-02 6.199799175476521096e-02 6.673213184368417816e-02 1.057408427597742728e-01 5.166568124505187959e-02 3.164169571198143655e-02 2.459915889623953689e-02 3.511359852248233798e-02 3.809628615373578109e-01 3.010048489102398750e-01 3.809628615373578109e-01 nan 1.438192838647300020e-01 3.809628615373578109e-01 nan 3.010048489102398750e-01 1.607383185605434639e-01 1.607383185605434639e-01 1.900191890099049707e-01 3.367230529138357520e-01
4.282909510224115063e-02 4.069443425826047706e-02 3.467226529160590681e-02 3.814830772100391565e-02 3.522951856262129811e-02 5.308955540363746034e-02 3.048347344178186161e-02 1.896150453600393970e-02 2.650114065326718282e-02 2.286694038859105743e-02 3.892954712640332715e-02 8.408027765323607128e-02 3.413278391221396396e-02 4.694659867130582254e-02 2.451429356974821686e-02 1.073386551975449854e-01 7.250510568869124317e-02 1.046049231756994158e-01 5.451055713762444077e-02 3.794369539456652479e-02 7.515569082421608149e-02 4.682761188893827531e-02
3.214680995702075272e-02 2.811263473570189617e-02 2.880892385802340597e-02 2.257927031811743021e-02 2.417387472196892012e-02 2.596071581664440367e-02 2.202354949388665370e-02 1.929214737169585719e-02 2.916235098110470797e-02 2.136688613456364308e-02 2.591530203061673948e-02 4.223158220769839682e-02 5.021060646884491219e-02 4.588360701955442739e-02 4.895428417546040384e-02 9.099106753621995225e-02 6.960296218952730096e-02 2.286201847996058648e-02 1.367651251841916216e-01 6.051721362536027077e-02 1.157498122762926906e-01 1.821209058191011199e-01
2.263865161792713229e-02 1.853143800182216125e-02 1.468378839620855698e-02 2.608970563907450288e-02 1.471161701525022444e-02 1.556497037749821413e-02 1.578260737375578732e-02 1.378609546904663134e-02 1.450535381498667918e-02 1.340850365906900467e-02 9.708391625019391347e-02 9.983516429982064455e-02 1.487938242192647365e-01 6.818251567999551732e-02 8.804698498806523554e-02 9.908469653118803788e-02 1.951176648469639396e-01 1.241817997430071097e-01 1.609484891483821123e-01 1.280045665697339963e-01 1.175635168385471691e-01 1.336092633562415144e-01
2.646280192147549420e-02 2.568259737795323613e-02 2.292041001561383878e-02 2.620226342535818612e-02 2.447532173574386641e-02 3.285061828911504250e-02 2.529665817333374631e-02 1.862287032706577347e-02 2.439958857224708635e-02 2.379327861470252603e-02 5.641246693634936055e-02 6.399947345410095245e-02 3.905662266197072047e-02 5.703814636095271007e-02 2.964012474140020545e-02 1.036472926052557642e-01 9.258582222678275742e-02 7.636266568006895572e-02 7.876781800901032360e-02 4.498880530638638825e-02 8.888310927458926980e-02 4.626983894334041336e-02
2.149546174496765050e-01 1.266647029771968691e-01 1.078310912672267169e-01 1.215747174679710635e-01 7.372847625073611355e-02 3.383866303536623432e-01 2.243068117006538353e-01 1.247084331271544749e-01 7.620298526977244136e-02 2.018391833670279134e-01 nan nan nan nan 3.809628615373578109e-01 nan nan nan nan nan nan nan
3.313395933477825128e-02 3.155376601121279850e-02 2.531430102733073922e-02 2.833926438912062404e-02 2.762689924041339048e-02 3.738699986057399116e-02 3.157580601657544034e-02 2.060570534689654468e-02 2.393961531626448772e-02 2.597775360648943432e-02 1.648564471089176975e-01 1.088346909365050103e-01 1.128307403409390952e-01 1.374299279430439835e-01 9.499296120760224171e-02 1.480032695476364291e-01 1.378011536807004223e-01 9.908469653118803788e-02 9.140404318335090816e-02 8.765562046306686617e-02 9.127681270233997668e-02 1.164912990373422746e-01
3.787080477584931631e-02 3.129417528485121947e-02 2.475505947342719268e-02 2.640625554698766350e-02 3.005133232070166319e-02 4.140274950980084995e-02 3.098927008713556197e-02 1.841117256128668028e-02 2.843719854465828062e-02 3.162802994914479249e-02 4.903292777587850426e-02 1.628895619777518400e-01 6.076539312623003425e-02 7.715033169938549651e-02 8.270035566039178609e-02 2.718136272412727816e-01 1.778933662145336103e-01 1.292361684748479511e-01 7.529049310008613383e-02 5.766020770316306748e-02 8.621791963312971929e-02 1.141314857630818108e-01
1.065538136770535771e-02 1.231121254676884047e-02 8.442822431206090800e-03 1.243979082443943257e-02 1.009228656297431886e-02 1.494789610387293154e-02 1.035098010792406646e-02 9.803789732587803174e-03 1.232423905086072781e-02 1.295371180839749101e-02 1.551191346896978705e-02 4.456983424231952817e-02 2.439147848166492438e-02 4.378040450218921575e-02 3.331742489047748168e-02 8.599801856579690484e-02 4.405396336352755682e-02 2.074771551944533041e-02 2.134858598245845118e-02 2.403529838619461109e-02 3.189827283350460396e-02 5.486619487829150904e-02
2.081890524779514071e-02 2.167079799636686954e-02 1.804571849021446156e-02 1.799748774967160209e-02 1.769593041268689715e-02 2.933622188342410730e-02 1.963918514204234661e-02 1.358211132275137685e-02 1.670533680792727141e-02 1.843327678176736803e-02 2.963131664245375815e-02 6.069978933096638329e-02 3.974151057977259177e-02 4.605582446274562869e-02 4.163108602514684065e-02 7.558132403780884467e-02 5.439689139821089064e-02 6.049082376793860072e-02 5.533866769437126298e-02 3.316999009891847400e-02 5.706704789040008968e-02 4.245970665456366699e-02
1.746400796178612658e-02 1.526781114158302401e-02 1.439522332505747959e-02 1.370335919441237164e-02 1.396269565751553227e-02 2.000724153064420766e-02 1.498818823705801509e-02 1.147594402921199574e-02 1.418487681979045852e-02 1.508140319640424026e-02 2.658642510118329125e-02 4.295677221941836266e-02 2.342832861903527270e-02 2.939829320177751379e-02 1.728587853905323019e-02 6.690129417141592316e-02 4.366012286090128341e-02 3.790762290991547823e-02 4.680720975019082158e-02 3.055688515576800157e-02 4.198713452206825902e-02 3.627047600757880852e-02
2.498632861106280315e-02 2.803437084495720086e-02 2.196389388255262295e-02 2.317273030925747976e-02 2.049882390665248508e-02 3.692104167799920705e-02 1.675047297960100337e-02 1.755624992366593834e-02 2.606320612858700411e-02 2.608245636041364723e-02 5.111987412622860660e-02 4.509955071988141356e-02 3.254675270215185573e-02 4.162070696796544428e-02 4.698084888214999061e-02 5.739496679829010628e-02 6.480954031064767307e-02 4.338265969850958054e-02 7.532860991243779669e-02 4.943013432755783559e-02 7.846563234366432660e-02 8.817228428977121057e-02
3.501485425825994618e-02 2.580105779998216609e-02 2.398863814768158881e-02 2.014546074688821145e-02 1.880494180172526814e-02 2.416406061085159609e-02 1.629767454316400493e-02 1.717571456368163080e-02 1.832358722305945861e-02 1.925840387532339396e-02 7.149150215809836617e-02 8.127186326796062565e-02 3.944062589838515792e-02 5.989783008167851724e-02 3.616545866846665458e-02 8.960801800303427878e-02 8.503223620940374150e-02 5.942930443092693527e-02 6.921963943758939475e-02 4.125394151970790402e-02 5.240836858943999366e-02 6.993618725097662525e-02
4.220344870592754316e-02 5.455744375106476307e-02 4.025315993500839379e-02 4.442950054232883139e-02 4.213782781545239581e-02 7.040579265729662861e-02 2.859437883389589000e-02 3.562115546488212742e-02 4.568349395185142270e-02 5.393756997729971109e-02 1.983453579040808656e-01 2.243068117006538353e-01 1.301063895550240157e-01 1.716893028953822009e-01 1.372853536837529975e-01 1.011329912472971743e-01 3.367230529138357520e-01 1.220766011909298066e-01 6.196643210878104852e-02 7.189801280796391525e-02 1.832967502522322156e-01 2.854174148212371698e-01
2.038964477518430060e-02 2.355762612880399343e-02 1.781193734942834381e-02 2.041977050490072915e-02 1.992214330044298973e-02 2.539418246245714328e-02 1.612476128646787854e-02 1.465807014817991846e-02 1.915382174364358564e-02 1.984714444025968694e-02 3.995212171946940782e-02 4.584202103821316543e-02 4.225513926657974845e-02 3.757782912772208300e-02 5.697236564927145308e-02 7.686408494820003157e-02 4.880106938085317786e-02 4.625253972980359479e-02 4.005745343897622324e-02 2.773251675059055371e-02 4.264836058935017604e-02 3.538986787617984936e-02
3.177429068216879732e-02 1.978694525750874719e-02 1.618992370982462806e-02 1.611934934853236426e-02 2.098599728900197095e-02 2.477409377850709263e-02 2.533625932131072442e-02 1.146665685217477387e-02 1.226078081590310093e-02 1.434577672478441757e-02 5.840909161616440054e-02 1.101010667704736129e-01 4.318340085757815805e-02 6.196643210878104852e-02 2.717209561556952618e-02 1.438192838647300020e-01 7.178233962939632729e-02 7.070329522688266477e-02 2.758589440572406862e-02 2.180902704213614693e-02 3.303984258957585324e-02 4.704944426178486044e-02
4.169096634077254504e-02 4.998379936992370515e-02 1.702573550235546990e-02 2.624518514382912643e-02 4.210829136386490951e-02 5.342691152412105265e-02 9.760852324353551379e-02 2.995171077656087061e-02 3.393233875829740342e-02 3.735616933996838140e-02 4.387401993278407936e-02 6.818251567999551732e-02 7.222516934035150271e-02 1.707693057414993720e-01 4.629815447641745518e-02 1.950677444450527043e-01 9.709845324768795471e-02 1.366214644389762978e-01 6.587894168370170278e-02 6.400790294552254067e-02 5.114275264141209670e-02 6.649901325323033519e-02
nan nan nan nan nan 4.357751717092057109e-01 nan nan 3.383866303536623432e-01 nan nan 2.860064807222964522e-01 2.476136336469768606e-01 nan 1.092469815160791446e-01 4.357751717092057109e-01 4.357751717092057109e-01 2.860064807222964522e-01 2.272740130512162782e-01 7.178233962939632729e-02 2.243068117006538353e-01 2.476136336469768606e-01
3.809628615373578109e-01 nan 2.640856206090247404e-01 nan 3.010048489102398750e-01 2.292682995800220114e-01 nan 1.220766011909298066e-01 1.138246036127208288e-01 2.476136336469768606e-01 1.438192838647300020e-01 1.607383185605434639e-01 8.093307493842263889e-02 1.546374598621967633e-01 6.542484263365087871e-02 1.864209492617320274e-01 nan 1.021855325314440094e-01 9.968670041114816027e-02 5.958440466561013005e-02 7.381386409572406049e-02 1.936148004977075732e-01
3.010048489102398750e-01 nan 1.438192838647300020e-01 nan 6.993618725097662525e-02 3.010048489102398750e-01 nan 7.721008157878381239e-02 2.476136336469768606e-01 1.607383185605434639e-01 9.202072703070410253e-02 1.101010667704736129e-01 7.381386409572406049e-02 1.383195241321927282e-01 7.333351848964492214e-02 7.235693680908093783e-02 1.101010667704736129e-01 6.161295179553723939e-02 6.733906397355234053e-02 3.334784856216219812e-02 4.815099368996565016e-02 5.483703476185666087e-02
nan nan nan nan nan 3.809628615373578109e-01 nan nan nan nan nan 2.272740130512162782e-01 1.187712532832855272e-01 nan 1.101010667704736129e-01 2.718136272412727816e-01 nan 1.707693057414993720e-01 1.607383185605434639e-01 5.615034664477534104e-02 1.187712532832855272e-01 1.607383185605434639e-01
1.921396429210663614e-01 2.854174148212371698e-01 1.011329912472971743e-01 nan 1.821209058191011199e-01 2.099641619349884580e-01 nan 7.372847625073611355e-02 7.795499955264197089e-02 1.092469815160791446e-01 9.176958643327041976e-02 5.360413011942986167e-02 5.515415291310468010e-02 8.124073052303106002e-02 2.854777294634790533e-02 6.921532795508814062e-02 1.925968926507149737e-01 6.566581448872110816e-02 7.693662257569824914e-02 5.455958001772344412e-02 5.402623215767948101e-02 6.458019295727580877e-02
1.808236316043189407e-01 7.178233962939632729e-02 9.760852324353551379e-02 8.829978385463470303e-02 1.821209058191011199e-01 1.558988433825599373e-01 1.900191890099049707e-01 4.895179674995618624e-02 7.303712871923659367e-02 1.909609249328599601e-01 4.845204317664143084e-02 7.748111414904075567e-02 2.883815978194469859e-02 4.335004714296700895e-02 3.084581905771981505e-02 8.127186326796062565e-02 9.461173438475908859e-02 5.075939133085467792e-02 5.461141388624649734e-02 4.275974677342374991e-02 4.693654926232557201e-02 5.984594983482634939e-02
1.002556688752571368e-01 1.050339641654033790e-01 9.202072703070410253e-02 9.957745507211288039e-02 6.924412100773102985e-02 1.021648821154323428e-01 1.762934685015536962e-01 3.611623789771221948e-02 6.196643210878104852e-02 6.924412100773102985e-02 2.904267437767844504e-02 4.026683368384463557e-02 2.378875506275897334e-02 3.272264168722651551e-02 1.471209480553632883e-02 3.656800159658577659e-02 5.989783008167851724e-02 1.681296103183798837e-02 3.615484429157665713e-02 2.372129349043254967e-02 2.507691072006305519e-02 3.283643154161614702e-02
1.187712532832855272e-01 8.269473071902942729e-02 7.115386661830266912e-02 4.330711346702366404e-02 6.351791197554447488e-02 1.021648821154323428e-01 2.061433487105061857e-01 2.472660232806882588e-02 4.682761188893827531e-02 9.908469653118803788e-02 3.010550793507758838e-02 3.057395873290160923e-02 2.033228432340937822e-02 2.112419678436612547e-02 1.048337114476856693e-02 3.633319100752958886e-02 3.535137523399940751e-02 2.138056285996714490e-02 2.640681924178881271e-02 1.829568760797375612e-02 1.735163482527965831e-02 2.417851919567880897e-02
3.749309578013094307e-02 3.150107911942352096e-02 2.679903154402671350e-02 3.752924912950946629e-02 3.025662194748576436e-02 8.441403580311615529e-02 6.269236907225173017e-02 1.571332464314775801e-02 2.964234700073213602e-02 3.778764256420652501e-02 1.704052564669340450e-02 1.861197492659224725e-02 1.308045499277011962e-02 1.597323209720284687e-02 7.962655476993908688e-03 2.268222801031484839e-02 3.942382843443059670e-02 1.765204592682839344e-02 1.534652908769867583e-02 1.147573878106083328e-02 1.231009217783729341e-02 1.458252113029489573e-02
2.854174148212371698e-01 nan 2.373725694749826143e-01 1.950677444450527043e-01 3.010048489102398750e-01 6.811603582468025997e-02 1.160592255699956638e-01 6.993618725097662525e-02 2.099641619349884580e-01 1.301063895550240157e-01 5.688363792832495242e-02 6.850934551520611315e-02 3.020524714673638103e-02 5.729761258107394367e-02 3.260274979377576071e-02 1.432567074613407820e-01 5.240836858943999366e-02 5.716107540780412249e-02 3.312208371250042332e-02 3.087371009681618220e-02 3.117493157024824393e-02 4.446332222427147596e-02
6.260542743670913235e-02 4.697334734129097328e-02 5.211848776539364930e-02 6.405510660171970239e-02 2.727056246287335242e-02 8.269473071902942729e-02 4.973263383471304006e-02 2.412843244698805595e-02 5.582552329966213034e-02 3.805278528400043991e-02 1.592838461145650725e-02 1.676815071345623756e-02 1.310010013310762209e-02 1.769316927907254797e-02 1.026649425233372090e-02 2.630834992432539224e-02 3.123699681047893348e-02 1.564253273739651603e-02 2.154927851003109879e-02 1.619575911969705143e-02 1.658412328918327031e-02 1.892323448710249781e-02
3.383866303536623432e-01 2.272740130512162782e-01 1.607383185605434639e-01 1.518121915780855369e-01 nan 3.809628615373578109e-01 1.280045665697339963e-01 4.617519533630786571e-02 1.707693057414993720e-01 1.138108950760257920e-01 6.818915929550531385e-02 4.697334734129097328e-02 4.243690737926651690e-02 4.245053996315823613e-02 1.718516944259878068e-02 6.492617232672384664e-02 7.178233962939632729e-02 3.965592950242931292e-02 5.534126085730157324e-02 3.614956490950779061e-02 3.393826844975908474e-02 4.147376399021911880e-02
2.476136336469768606e-01 1.909609249328599601e-01 3.010048489102398750e-01 3.010048489102398750e-01 9.099106753621995225e-02 3.809628615373578109e-01 1.950677444450527043e-01 9.624803706240191159e-02 1.690216886063531099e-01 1.101010667704736129e-01 7.152457354445444782e-02 6.635677932725878025e-02 4.673803854543766984e-02 4.358790432447116198e-02 4.645342349662776732e-02 7.563022042353351182e-02 1.057099230468591250e-01 5.013316967932766183e-02 6.220159796811952635e-02 4.736453210646409534e-02 5.314860342545477123e-02 6.254023866631827633e-02
1.033367418590916131e-01 1.634193373935493299e-01 5.075939133085467792e-02 1.427382037379460178e-01 5.240836858943999366e-02 1.808236316043189407e-01 1.138246036127208288e-01 1.301063895550240157e-01 8.095772524958404215e-02 4.255928704121114681e-02 3.492588399708702190e-02 3.625868864869193769e-02 3.943603491120757643e-02 6.121589117652827261e-02 2.763187442785684442e-02 3.607403819781378196e-02 7.594357484330818697e-02 3.791681262923032175e-02 6.395647740729674957e-02 3.229114165184353985e-02 2.961225473052246648e-02 4.321083458533752503e-02
3.384717513338818262e-02 5.405948268385450672e-02 3.171146735107296250e-02 7.447395496753289601e-02 3.068494016754459361e-02 5.075939133085467792e-02 2.185863349297239439e-02 4.135555548498574818e-02 5.659359919654571164e-02 3.828046144768870035e-02 1.164039107499755671e-02 1.310964498600466870e-02 1.016058099122756422e-02 1.281553730117247075e-02 1.124645121539327199e-02 1.454183290359547208e-02 2.105058022824865191e-02 9.165784993784998474e-03 1.765410575370530630e-02 1.357984609925056915e-02 1.668768400325719783e-02 1.765511080721038698e-02
1.950677444450527043e-01 1.716893028953822009e-01 1.138246036127208288e-01 8.293216956898864789e-02 1.707693057414993720e-01 2.280299853445609815e-01 2.538000639018145321e-01 1.427382037379460178e-01 9.461173438475908859e-02 1.064225937440017034e-01 6.046990029794464122e-02 4.221316643882236375e-02 4.050108469400222344e-02 4.297288326874557085e-02 2.597734410447023745e-02 2.712991594045752533e-02 5.036170774335701344e-02 2.416824568738006052e-02 3.980243906231756279e-02 2.821045255504704002e-02 2.047022271049364628e-02 2.521981359057275454e-02
3.809628615373578109e-01 1.950677444450527043e-01 2.018391833670279134e-01 8.269473071902942729e-02 3.010048489102398750e-01 4.357751717092057109e-01 3.383866303536623432e-01 3.367230529138357520e-01 1.821209058191011199e-01 1.138246036127208288e-01 2.339152478329407578e-02 3.262507063305526700e-02 1.764131643294340052e-02 2.982821674023880196e-02 2.439314768903496147e-02 3.891034570820215560e-02 5.198529672532544582e-02 2.824775786232036276e-02 3.675840412592476514e-02 3.131129640817477411e-02 2.541854008975430457e-02 3.883735694441374509e-02
1.049329530973998337e-01 9.708391625019391347e-02 4.842034942292029742e-02 1.066122451266711679e-01 2.694338315274890164e-02 2.272740130512162782e-01 9.343849250875760348e-02 5.763424374545850215e-02 6.204364885279785302e-02 4.251333607035633760e-02 1.992910246128933027e-02 2.256758810601028342e-02 1.658797814961069511e-02 2.543979368009672767e-02 2.245632199330172690e-02 2.557144976605886869e-02 4.057622554204848297e-02 2.146097095382894226e-02 3.255367936472722268e-02 2.342606934239056457e-02 2.261367083622534482e-02 2.450893367565750228e-02
6.405738041312580844e-02 6.122256906805314397e-02 5.747462206835200066e-02 4.917530848776116570e-02 1.070824964215274372e-01 1.808236316043189407e-01 5.473895128659005821e-02 1.292260678784822592e-01 7.436674244593993732e-02 1.559814869328064180e-01 3.337434767156071541e-02 3.600390128947551088e-02 2.960273722964810311e-02 3.607416318219625051e-02 2.558360965194366940e-02 3.397262134889306173e-02 5.350887767678965540e-02 2.955849804750153298e-02 4.810442624259701760e-02 3.451502030994811621e-02 3.632469773233512611e-02 4.068557015633577495e-02
2.455195743495247329e-01 2.854174148212371698e-01 1.383195241321927282e-01 1.316081928054340378e-01 1.011329912472971743e-01 4.357751717092057109e-01 1.821209058191011199e-01 1.950677444450527043e-01 1.187712532832855272e-01 1.707329806990374454e-01 1.005455057200510122e-01 5.014911371290815129e-02 7.316378237821943853e-02 7.408135474326635328e-02 5.475550975644004337e-02 4.723829418759144944e-02 8.074972012558512269e-02 3.949458122592630627e-02 6.464072182609714723e-02 4.945725469684276315e-02 3.136278304731149325e-02 2.602508850886668668e-02
4.377633737577127371e-02 5.739496679829010628e-02 3.509146689730210239e-02 4.393552429673515392e-02 4.637750649614449938e-02 1.394806538242050198e-01 3.965100007742975580e-02 8.095772524958404215e-02 1.073434493398806588e-01 7.636826063240020890e-02 3.138957956408356537e-02 3.467117539981280638e-02 2.907166965600481087e-02 4.392513353961924327e-02 2.449084015792082902e-02 2.838563768677357727e-02 4.480578322191502982e-02 2.460220386005860030e-02 3.572602940901446061e-02 2.978943040596999589e-02 2.757816724516277615e-02 2.801378631561644503e-02
6.269236907225173017e-02 7.333351848964492214e-02 6.085672774580880989e-02 7.313783455326157423e-02 8.634270201166974190e-02 3.367230529138357520e-01 6.073358934191921271e-02 9.351860679685704281e-02 1.358362058374051884e-01 2.373725694749826143e-01 3.578234385847902516e-02 2.524503445373695379e-02 2.851676971002103933e-02 3.030027668240520625e-02 2.121812648022555065e-02 2.043186047657452944e-02 5.827509829676585928e-02 2.421909376576922984e-02 4.291493729365115223e-02 2.645844439939977477e-02 3.565447096754028461e-02 2.363326147753662745e-02
4.629815447641745518e-02 7.333088028466883124e-02 5.979931318898114301e-02 1.033414278108799184e-01 3.349813654312575051e-02 1.138108950760257920e-01 2.308902588978281600e-02 2.718136272412727816e-01 7.697222969257599967e-02 9.516160595586038717e-02 1.639002388519200312e-02 2.132290524271590951e-02 1.445191602003612248e-02 1.086703541064291088e-02 1.155016034095478900e-02 1.796113001246369204e-02 1.708094117410461146e-02 1.324917584474023628e-02 1.613206842866638652e-02 1.671593381428886083e-02 1.625467671037263140e-02 1.534735191529489756e-02
6.092539978245502252e-02 1.171029774688888137e-01 4.056249497518347319e-02 4.662078703113507749e-02 8.146212762340293567e-02 1.756249682486405450e-01 5.252583179937748981e-02 5.288025989744941230e-02 7.204621617275777656e-02 7.552194832368357147e-02 2.213763068733149916e-02 2.535604834232145499e-02 2.008720382774731653e-02 2.620422064653984626e-02 1.894171254780696936e-02 2.635831937408471617e-02 3.922526175341738836e-02 2.194863915332468177e-02 2.719013842704576245e-02 2.318661896853324578e-02 2.370129873510146840e-02 2.859635971016675007e-02
3.809628615373578109e-01 nan nan nan 2.718136272412727816e-01 nan 2.476136336469768606e-01 nan nan nan 2.680441302099209611e-01 3.058650914250685693e-01 2.854174148212371698e-01 2.854174148212371698e-01 1.752063773523008239e-01 1.050339641654033790e-01 3.010048489102398750e-01 1.716893028953822009e-01 3.809628615373578109e-01 2.538000639018145321e-01 2.718136272412727816e-01 1.821209058191011199e-01
7.250510568869124317e-02 1.213722103604107233e-01 4.920239908418805319e-02 3.735660711952932395e-02 6.913749544550608361e-02 1.607383185605434639e-01 5.047830421942690188e-02 6.377067043495847354e-02 9.441854419359138606e-02 9.233675357931460381e-02 2.786668928664810113e-02 3.084325544278953418e-02 2.240548790963688142e-02 3.045167390070472116e-02 2.316939604360051738e-02 3.918186662555085686e-02 5.074074107533832478e-02 2.926390435907957888e-02 3.266377923778164549e-02 2.667320729613127661e-02 2.852443891453617514e-02 3.113876831140546808e-02
6.527039920540868290e-02 5.396950429276614614e-02 4.784765309469037747e-02 7.041416190437795042e-02 6.553267344753752055e-02 1.677833628221960804e-01 4.276004811302070580e-02 5.622062133987076188e-02 9.294534887048847005e-02 8.105818528108470200e-02 2.997001326026613524e-02 3.367360138002846448e-02 2.245414534125757255e-02 2.934868624782682039e-02 2.035241741844247970e-02 3.370785019010079375e-02 5.030142106118603434e-02 2.649000469450592948e-02 2.767503410716164181e-02 2.219950329535453487e-02 2.941959357164765365e-02 3.033350330311473594e-02
3.754192388797046587e-02 5.155230534045288082e-02 2.989168286482494358e-02 9.014205366429975386e-02 2.609244901091688565e-02 6.810153494166111543e-02 2.723677875201344772e-02 5.168794509516053820e-02 3.810285916637982245e-02 5.078298376879698817e-02 7.107311206569266737e-03 9.975856733542252941e-03 7.813346450165011697e-03 9.505255291731658576e-03 7.484443795402939172e-03 1.138263934444318920e-02 1.710951177225346689e-02 7.590235915073468252e-03 1.335261502561986037e-02 1.194190013977306300e-02 1.169411352941927829e-02 1.285813206227003763e-02
2.417109902999829349e-02 4.593272051440113607e-02 2.989238964850149741e-02 3.475817824205539031e-02 3.632666591054651423e-02 9.760852324353551379e-02 2.081311170942536440e-02 3.480235601953694108e-02 4.661138129807083225e-02 4.584202103821316543e-02 1.462929241736916561e-02 1.799844185089897325e-02 1.465674245196675433e-02 1.868082652976366803e-02 1.281946648366850787e-02 2.071274216900351531e-02 3.432769916244157032e-02 1.756020602075030260e-02 1.923027277599213478e-02 1.396823749000793494e-02 1.748048755892934666e-02 1.795619386549293650e-02
2.909904505210245129e-02 3.340153426733596942e-02 1.830184409752177999e-02 2.584802631081423857e-02 3.734987002345178247e-02 8.639953993601676152e-02 2.687697265993573004e-02 2.893747271653869524e-02 5.480229378373143584e-02 5.545827276615176993e-02 1.289970840736116668e-02 1.575930096501480457e-02 1.136014849030469662e-02 1.504680823785059865e-02 1.069733111276334123e-02 1.587781503795344246e-02 2.372562559493450116e-02 1.231512562748807160e-02 1.702427580513644206e-02 1.261219295547453927e-02 1.484034764008630367e-02 1.633816379030034877e-02
4.724523891524648467e-02 5.047830421942690188e-02 2.043897999792889872e-02 3.873903530710014198e-02 5.125333109467568315e-02 1.950677444450527043e-01 5.182490400456227220e-02 3.597989173582864103e-02 5.932819269030352449e-02 1.609360702277597976e-01 1.861922369265721355e-02 1.682079212513320002e-02 1.483761310000671248e-02 2.042753495123640628e-02 1.689361423450302588e-02 1.905432901101488524e-02 3.602876321168328039e-02 1.588952521260363071e-02 2.370024813126374655e-02 1.766485433742809655e-02 2.275050782347998526e-02 2.169981009121332849e-02
5.153289500779204696e-02 6.924412100773102985e-02 3.275333139203712857e-02 4.045485927991042396e-02 1.568609840245125120e-01 1.821209058191011199e-01 8.269473071902942729e-02 2.811336492141958132e-02 5.371694878046719829e-02 1.331414040896388151e-01 2.556049648237707084e-02 1.569139895796795026e-02 2.115309493932674562e-02 2.230052055991631199e-02 1.779688000512611584e-02 1.749434080552338122e-02 2.170095879421644544e-02 1.517103002988828483e-02 2.929100940763445030e-02 1.871464967131089910e-02 1.776177984761336329e-02 1.791665790321722920e-02
6.058541740160328093e-02 1.046049231756994158e-01 3.834422504054724873e-02 3.565112509282560710e-02 1.490319631111133580e-01 2.718136272412727816e-01 1.301063895550240157e-01 6.152297771136007454e-02 1.292054265838012139e-01 3.058650914250685693e-01 3.256125518961378723e-02 3.025662194748576436e-02 2.751448547144817736e-02 3.820903132415481851e-02 2.984740482632448899e-02 4.719882653679335210e-02 5.939406911487805224e-02 3.466965022780555544e-02 4.473012929652272346e-02 3.207937705586803856e-02 3.686309001707678557e-02 3.707415021326001398e-02
3.386706769050189941e-02 8.888310927458926980e-02 4.799984354228792327e-02 7.215436171115553743e-02 2.755447331210900824e-02 5.800004246110418427e-02 3.427614886002144923e-02 3.384110153492360384e-02 4.040017377455757536e-02 3.214964946081908664e-02 1.761818630109248870e-02 1.765741822100323419e-02 1.414963510902350792e-02 2.136967555503957797e-02 1.488070267995766222e-02 2.054222931552647860e-02 2.746615577344789505e-02 1.346300468543091926e-02 2.117443125241413177e-02 1.594523701086651354e-02 1.860465822469145949e-02 2.041957287378137753e-02
9.967565261125345411e-02 5.732538859215130511e-02 5.719039143178535067e-02 3.552641538394689380e-02 2.697997326462050344e-02 6.085672774580880989e-02 9.422303649238351897e-02 1.677765840005684267e-02 3.848672399444531128e-02 3.226747532195085866e-02 2.173231374561442747e-02 2.977623954172673587e-02 1.631345012752088638e-02 1.903607662442493437e-02 1.254742043510567381e-02 1.726275890125915716e-02 3.581258636653215921e-02 1.589502062837239160e-02 1.637721735383015215e-02 1.316927957360700119e-02 1.610439614609411943e-02 1.706909361297402269e-02
2.718136272412727816e-01 2.243068117006538353e-01 8.724109663016892113e-02 4.858455155143295845e-02 1.316081928054340378e-01 2.149546174496765050e-01 2.018391833670279134e-01 2.273630388272799771e-02 1.185919840038364426e-01 9.473923642715234572e-02 3.265298641083162756e-02 3.180004776042730935e-02 3.926814958562829111e-02 4.102318156392480847e-02 2.820971068506301915e-02 5.339664586949360164e-02 6.301547588793825205e-02 4.090911653143449594e-02 6.289077472836394900e-02 4.123204657500816744e-02 4.262919444946509234e-02 4.711941994503802272e-02
