1.748437500000000000e+01 3.457031200000000126e+01 2.000000000000000000e+01 3.000000000000000000e+01 2.387109399999999937e+01 2.600000000000000000e+01 1.992187500000000000e+01 3.800000000000000000e+01 4.775390600000000063e+01 3.530273400000000095e+01 nan nan nan nan nan nan nan nan nan nan nan nan
2.968750000000000000e+01 1.300000000000000000e+01 1.406250000000000000e+01 1.525000000000000000e+01 1.800000000000000000e+01 1.550000000000000000e+01 3.100000000000000000e+01 2.583593799999999874e+01 1.992187500000000000e+01 2.600000000000000000e+01 nan nan nan nan nan nan nan nan nan nan nan nan
2.517089800000000110e+01 1.400000000000000000e+01 1.476562500000000000e+01 1.875000000000000000e+01 2.000000000000000000e+01 1.900000000000000000e+01 2.718359399999999937e+01 1.900000000000000000e+01 2.773437500000000000e+01 2.800000000000000000e+01 nan nan nan nan nan nan nan nan nan nan nan nan
2.750000000000000000e+01 1.900000000000000000e+01 2.067382800000000032e+01 1.700000000000000000e+01 2.755078100000000063e+01 2.387109399999999937e+01 3.457031200000000126e+01 1.992187500000000000e+01 2.300000000000000000e+01 3.164062500000000000e+01 nan nan nan nan nan nan nan nan nan nan nan nan
2.300000000000000000e+01 2.200000000000000000e+01 2.196875000000000000e+01 2.793359399999999937e+01 1.796875000000000000e+01 1.850000000000000000e+01 1.900000000000000000e+01 3.600000000000000000e+01 3.083203100000000063e+01 3.000000000000000000e+01 nan nan nan nan nan nan nan nan nan nan nan nan
3.478515600000000063e+01 2.325488299999999953e+01 2.300000000000000000e+01 2.500000000000000000e+01 2.187500000000000000e+01 1.210937500000000000e+01 1.800000000000000000e+01 2.934375000000000000e+01 3.164062500000000000e+01 2.320703100000000063e+01 nan nan nan nan nan nan nan nan nan nan nan nan
1.992187500000000000e+01 3.389843799999999874e+01 2.578125000000000000e+01 2.926562500000000000e+01 2.089843799999999874e+01 2.187500000000000000e+01 1.406250000000000000e+01 3.000000000000000000e+01 4.042968799999999874e+01 3.286132800000000032e+01 nan nan nan nan nan nan nan nan nan nan nan nan
5.336914099999999905e+01 2.366406200000000126e+01 2.976562500000000000e+01 2.043261700000000047e+01 3.475000000000000000e+01 3.847656200000000126e+01 4.100000000000000000e+01 1.406250000000000000e+01 1.992187500000000000e+01 2.300000000000000000e+01 nan nan nan nan nan nan nan nan 3.115234399999999937e+01 3.200000000000000000e+01 nan nan
2.553710900000000095e+01 2.382812500000000000e+01 2.900000000000000000e+01 2.959960900000000095e+01 3.100000000000000000e+01 2.800000000000000000e+01 2.650000000000000000e+01 1.800000000000000000e+01 1.700000000000000000e+01 1.401562500000000000e+01 nan nan nan nan nan nan nan nan nan nan nan nan
3.134375000000000000e+01 2.793359399999999937e+01 4.531250000000000000e+01 3.359375000000000000e+01 3.359375000000000000e+01 3.164062500000000000e+01 3.379687500000000000e+01 2.500000000000000000e+01 1.600000000000000000e+01 1.600000000000000000e+01 nan nan nan nan nan nan nan nan nan nan nan nan
nan nan nan nan nan nan nan nan nan nan 1.500000000000000000e+01 2.382812500000000000e+01 1.900000000000000000e+01 2.578125000000000000e+01 2.786718799999999874e+01 3.688085900000000095e+01 2.500000000000000000e+01 2.292578100000000063e+01 3.457031200000000126e+01 3.400000000000000000e+01 3.500000000000000000e+01 2.825000000000000000e+01
nan nan nan nan nan nan nan nan nan nan 2.578125000000000000e+01 1.971093799999999874e+01 3.280859399999999937e+01 4.800000000000000000e+01 3.600000000000000000e+01 1.800000000000000000e+01 2.200000000000000000e+01 1.600390600000000063e+01 nan 4.980468799999999874e+01 3.800000000000000000e+01 3.550000000000000000e+01
nan nan nan nan nan nan nan nan nan nan 1.979980499999999921e+01 1.900000000000000000e+01 1.700000000000000000e+01 2.450000000000000000e+01 2.187500000000000000e+01 2.650000000000000000e+01 2.300000000000000000e+01 2.200000000000000000e+01 2.968750000000000000e+01 3.566015600000000063e+01 3.100000000000000000e+01 4.400000000000000000e+01
nan nan nan nan nan nan nan nan nan nan 3.132031200000000126e+01 3.075000000000000000e+01 2.200000000000000000e+01 1.900000000000000000e+01 2.187500000000000000e+01 2.100000000000000000e+01 2.362109399999999937e+01 2.639160199999999890e+01 2.589062500000000000e+01 2.420117199999999968e+01 2.578125000000000000e+01 2.600000000000000000e+01
nan nan nan 3.100000000000000000e+01 nan nan nan nan nan nan 2.663476599999999905e+01 3.212890600000000063e+01 2.187500000000000000e+01 1.992187500000000000e+01 1.700000000000000000e+01 2.200000000000000000e+01 nan 3.000000000000000000e+01 2.662890600000000063e+01 2.350000000000000000e+01 2.822265600000000063e+01 2.589062500000000000e+01
nan nan nan nan nan nan nan nan nan nan 3.215429699999999968e+01 1.800000000000000000e+01 3.529394500000000079e+01 2.200000000000000000e+01 2.780078100000000063e+01 1.601562500000000000e+01 2.578125000000000000e+01 2.050000000000000000e+01 3.577343799999999874e+01 3.100000000000000000e+01 3.359375000000000000e+01 2.976562500000000000e+01
nan nan nan nan nan nan nan nan nan nan 2.773437500000000000e+01 2.315820300000000032e+01 2.382812500000000000e+01 2.187500000000000000e+01 2.483593799999999874e+01 1.825000000000000000e+01 9.000000000000000000e+00 1.800000000000000000e+01 3.083203100000000063e+01 2.934375000000000000e+01 2.300000000000000000e+01 2.300000000000000000e+01
nan nan nan nan nan nan nan nan nan nan 2.300000000000000000e+01 1.845703100000000063e+01 2.370605499999999921e+01 2.221289099999999905e+01 3.000000000000000000e+01 1.979980499999999921e+01 1.600000000000000000e+01 1.601562500000000000e+01 3.319531200000000126e+01 3.885156200000000126e+01 4.136328100000000063e+01 4.350000000000000000e+01
nan nan nan nan nan nan nan 4.775390600000000063e+01 nan nan 4.466796899999999937e+01 nan 3.847656200000000126e+01 2.968750000000000000e+01 2.900000000000000000e+01 nan 2.600000000000000000e+01 nan 1.406250000000000000e+01 1.946093799999999874e+01 2.407910199999999890e+01 2.600000000000000000e+01
nan nan nan nan nan nan nan 4.726562500000000000e+01 nan nan 3.000000000000000000e+01 3.862500000000000000e+01 3.400000000000000000e+01 2.308496099999999984e+01 2.300000000000000000e+01 3.750000000000000000e+01 2.337109399999999937e+01 2.541503900000000016e+01 1.992187500000000000e+01 1.796875000000000000e+01 2.296289099999999905e+01 2.485351599999999905e+01
nan nan nan nan nan nan nan nan nan nan 3.261718799999999874e+01 4.350000000000000000e+01 3.536377000000000237e+01 2.578125000000000000e+01 2.984375000000000000e+01 2.578125000000000000e+01 2.700000000000000000e+01 3.945312500000000000e+01 1.601562500000000000e+01 2.218164099999999905e+01 1.750000000000000000e+01 1.992187500000000000e+01
nan nan nan nan nan nan nan nan nan nan nan 4.548437500000000000e+01 3.164062500000000000e+01 2.578125000000000000e+01 3.025000000000000000e+01 2.900000000000000000e+01 1.450000000000000000e+01 3.969726599999999905e+01 2.773437500000000000e+01 2.700000000000000000e+01 2.138671899999999937e+01 2.100000000000000000e+01
