3.552641538394689380e-02 6.671532032083468677e-03 1.014385044038628239e-02 1.746954961855450364e-02 1.211559857647681419e-02 2.096660755138582410e-02 1.488287466694625076e-02
6.444602703305619962e-02 8.814678285680010300e-03 2.391779061476153462e-02 1.765412519325035637e-02 8.503465754812512822e-03 2.311372658697216295e-02 1.126402566514086469e-02
3.683648125077057522e-02 5.159368582943035970e-03 1.204016152422242997e-02 1.291405864633855989e-02 7.181940036508739980e-03 1.806823926105809511e-02 1.234423761142564892e-02
5.989783008167851724e-02 8.544759586473943055e-03 2.027068617060096001e-02 1.907683264478711796e-02 1.126376005715563899e-02 2.463976586768091767e-02 1.346513862242975680e-02
1.023368872756157122e-02 4.881655280389756053e-03 9.527537944481049778e-03 1.299119051020831105e-02 7.401449135735736068e-03 1.649940939577302507e-02 7.879691785059499479e-03
3.535137523399940751e-02 9.473901885008118723e-03 1.848380822379903574e-02 1.665824135611385440e-02 1.057981582958779192e-02 2.166245911305432828e-02 1.196101059171347791e-02
5.204906245765935496e-02 1.219018003392118889e-02 3.156646851424230182e-02 3.092741535799541433e-02 1.841454725193092737e-02 3.612434359189516803e-02 1.954443477206094237e-02
2.631650646307429758e-02 6.018156431340401964e-03 1.413854036203914498e-02 1.544666775448693199e-02 8.841045869832215437e-03 1.613921822505738624e-02 1.054852409660617281e-02
1.505244658049397811e-02 1.051509447115349036e-02 1.367767341634253814e-02 2.091432972902563039e-02 1.355030927526199545e-02 2.725694765827037236e-02 1.400108029566088721e-02
1.327155330648572412e-02 7.178000361157952855e-03 1.041225704133270230e-02 1.422931790134973618e-02 9.128295083479091507e-03 1.596020978948215624e-02 9.252744816088526864e-03
1.259013098327585456e-02 9.184632557771885836e-03 1.536582397889409840e-02 1.760242654460944522e-02 9.627871805194709171e-03 1.931060977409515544e-02 1.069901891490709564e-02
2.365910867693052713e-02 1.163075832277592377e-02 2.033377750607645931e-02 1.993775382407049143e-02 9.504354872828989220e-03 2.370795050032523110e-02 1.070995986213947072e-02
