7.115386661830266912e-02 7.397785663550687958e-03 2.097176115126675802e-02 2.080755463628715038e-02 1.349852949935421466e-02 2.698664390275356054e-02 1.416324046788777075e-02
4.858455155143295845e-02 1.079197373164809438e-02 2.750615539972388682e-02 1.908080489731597135e-02 1.221722769276277314e-02 2.517623004643643192e-02 1.099192887734189161e-02
3.446235251818552392e-02 5.079050249369452055e-03 1.696345967747776851e-02 1.713893965666755254e-02 7.719391337884441706e-03 2.184227357031894023e-02 1.024407286247731863e-02
2.760761439723312741e-02 6.289086763049342617e-03 2.476890198885483424e-02 1.653423617348935559e-02 1.042211173224747225e-02 1.940487575837611042e-02 8.527052260220756644e-03
2.591530203061673948e-02 9.393988459426828863e-03 1.680955829616283259e-02 1.671562183576142877e-02 1.078912810422542369e-02 2.218802259501526791e-02 1.167159242404924510e-02
4.858455155143295845e-02 1.111014132792225231e-02 2.621418434350215182e-02 2.610396894671659571e-02 1.488297544313992894e-02 3.014075506305959051e-02 1.346858493741126366e-02
8.866373462054051580e-02 7.342794141238224818e-03 1.764423208959974704e-02 1.605464123105193597e-02 7.758344012972567816e-03 1.929017812185231454e-02 1.041921573572182798e-02
9.406175612171940870e-03 6.069390335614485883e-03 1.240596552347090348e-02 1.388193200932055608e-02 7.274494708926569631e-03 1.582972007974301279e-02 7.109846545040963278e-03
1.239929422336375972e-02 9.330342070087781214e-03 1.791656413020937394e-02 1.916596169775212563e-02 9.706039027779023512e-03 2.155537584794794959e-02 8.877301926550788119e-03
1.255706993620361693e-02 1.017356350727399543e-02 1.906224637717883474e-02 1.924048426699925124e-02 1.062237060768717219e-02 2.367691130575945088e-02 9.135634901103147076e-03
