1.160000000000000000e+02 3.339000000000000000e+03 9.480000000000000000e+02 1.969000000000000000e+03 2.358000000000000000e+03 1.248000000000000000e+03 3.356000000000000000e+03
6.700000000000000000e+01 4.455000000000000000e+03 1.195000000000000000e+03 2.250000000000000000e+03 1.518000000000000000e+03 1.275000000000000000e+03 2.882000000000000000e+03
2.000000000000000000e+02 4.027000000000000000e+03 1.064000000000000000e+03 2.482000000000000000e+03 3.714000000000000000e+03 1.514000000000000000e+03 4.135000000000000000e+03
8.400000000000000000e+01 2.889000000000000000e+03 7.350000000000000000e+02 1.423000000000000000e+03 2.690000000000000000e+03 8.320000000000000000e+02 2.470000000000000000e+03
3.220000000000000000e+02 5.361000000000000000e+03 1.424000000000000000e+03 2.888000000000000000e+03 5.502000000000000000e+03 1.765000000000000000e+03 6.416000000000000000e+03
1.280000000000000000e+02 4.947000000000000000e+03 1.745000000000000000e+03 2.290000000000000000e+03 1.477000000000000000e+03 1.497000000000000000e+03 3.037000000000000000e+03
5.900000000000000000e+01 2.018000000000000000e+03 4.400000000000000000e+02 7.550000000000000000e+02 8.940000000000000000e+02 5.480000000000000000e+02 1.298000000000000000e+03
2.140000000000000000e+02 5.102000000000000000e+03 1.618000000000000000e+03 2.442000000000000000e+03 2.313000000000000000e+03 1.675000000000000000e+03 3.852000000000000000e+03
2.520000000000000000e+02 3.933000000000000000e+03 8.700000000000000000e+02 1.840000000000000000e+03 3.050000000000000000e+03 9.300000000000000000e+02 3.039000000000000000e+03
5.950000000000000000e+02 5.601000000000000000e+03 1.121000000000000000e+03 3.059000000000000000e+03 5.507000000000000000e+03 1.720000000000000000e+03 5.622000000000000000e+03
3.390000000000000000e+02 5.197000000000000000e+03 1.241000000000000000e+03 2.627000000000000000e+03 3.904000000000000000e+03 1.379000000000000000e+03 3.975000000000000000e+03
2.390000000000000000e+02 4.674000000000000000e+03 9.780000000000000000e+02 2.099000000000000000e+03 2.886000000000000000e+03 1.088000000000000000e+03 3.141000000000000000e+03
