6.000000000000000000e+01 2.489000000000000000e+03 7.400000000000000000e+02 1.663000000000000000e+03 1.605000000000000000e+03 9.910000000000000000e+02 2.598000000000000000e+03
7.400000000000000000e+01 2.616000000000000000e+03 4.680000000000000000e+02 1.270000000000000000e+03 2.157000000000000000e+03 9.550000000000000000e+02 2.917000000000000000e+03
7.400000000000000000e+01 3.509000000000000000e+03 7.630000000000000000e+02 1.930000000000000000e+03 3.614000000000000000e+03 1.445000000000000000e+03 4.596000000000000000e+03
1.160000000000000000e+02 2.937000000000000000e+03 5.130000000000000000e+02 1.491000000000000000e+03 3.691000000000000000e+03 1.250000000000000000e+03 4.701000000000000000e+03
1.000000000000000000e+02 2.634000000000000000e+03 9.960000000000000000e+02 1.825000000000000000e+03 2.306000000000000000e+03 1.380000000000000000e+03 3.782000000000000000e+03
7.400000000000000000e+01 1.960000000000000000e+03 4.830000000000000000e+02 9.580000000000000000e+02 9.350000000000000000e+02 6.360000000000000000e+02 1.603000000000000000e+03
7.900000000000000000e+01 3.948000000000000000e+03 1.274000000000000000e+03 2.498000000000000000e+03 2.116000000000000000e+03 1.664000000000000000e+03 3.731000000000000000e+03
6.140000000000000000e+02 7.911000000000000000e+03 1.375000000000000000e+03 3.546000000000000000e+03 9.591000000000000000e+03 2.393000000000000000e+03 9.714000000000000000e+03
4.890000000000000000e+02 5.150000000000000000e+03 1.060000000000000000e+03 2.120000000000000000e+03 4.655000000000000000e+03 1.644000000000000000e+03 6.122000000000000000e+03
5.290000000000000000e+02 5.177000000000000000e+03 1.190000000000000000e+03 2.087000000000000000e+03 3.570000000000000000e+03 1.301000000000000000e+03 5.167000000000000000e+03
