nan 3.983228511530398364e-02 2.426160337552742477e-02 1.940071102082275289e-01 9.966072943172180065e-02 1.722756410256410242e-01 2.625148986889153657e-01
nan 9.988776655443322439e-02 2.317991631799163066e-01 2.404444444444444329e-01 2.832674571805006425e-02 2.305882352941176494e-01 1.061762664816099933e-01
7.000000000000000666e-02 2.830891482493171074e-02 4.041353383458646392e-02 1.224818694601128161e-01 5.223478729133010368e-02 1.512549537648612830e-01 2.067714631197097863e-01
nan 5.780546902042229401e-02 8.435374149659863319e-02 1.602248770203794914e-01 9.814126394052044566e-02 1.550480769230769273e-01 1.344129554655870418e-01
nan 3.413542249580302224e-02 3.370786516853932491e-02 1.488919667590027640e-01 8.560523446019628613e-02 1.461756373937677100e-01 1.173628428927680767e-01
3.125000000000000000e-02 1.332120477056802088e-01 1.919770773638968531e-01 2.091703056768559055e-01 4.400812457684495638e-02 2.411489645958583838e-01 1.297332894303589168e-01
nan 8.473736372646184511e-02 1.295454545454545470e-01 2.516556291390728561e-01 8.501118568232662875e-02 2.481751824817518270e-01 1.517719568567026112e-01
3.271028037383177239e-02 5.037240297922383064e-02 9.208899876390605477e-02 1.863226863226863095e-01 4.885430177258971024e-02 1.301492537313432840e-01 1.277258566978193011e-01
nan 1.299262649377065926e-01 4.252873563218390746e-02 2.994565217391304546e-01 1.770491803278688436e-01 2.354838709677419262e-01 1.918394208621256869e-01
2.521008403361344602e-02 8.159257275486520022e-02 3.122212310437109603e-02 2.020268061457992925e-01 1.385509351734156569e-01 1.308139534883721034e-01 1.467449306296691458e-01
8.849557522123893682e-03 1.312295555127958313e-01 8.219178082191780366e-02 3.052912066996574247e-01 1.050204918032786872e-01 1.588107324147933208e-01 1.371069182389937080e-01
2.928870292887029297e-02 2.077449721865639587e-01 1.186094069529652351e-01 3.196760362077179507e-01 7.276507276507276911e-02 1.985294117647058709e-01 1.044253422476918158e-01
