nan 3.615910004017677815e-02 9.189189189189189699e-02 2.501503307276007337e-01 8.224299065420560828e-02 2.512613521695257202e-01 1.616628175519630450e-01
nan 8.639143730886850170e-02 1.004273504273504314e-01 1.393700787401574714e-01 9.179415855354659814e-02 1.958115183246073310e-01 1.018169352074048684e-01
nan 2.365346252493587959e-02 5.897771952817824209e-02 1.797927461139896266e-01 5.921416712783619113e-02 2.346020761245674602e-01 1.470844212358572711e-01
nan 3.064351378958120667e-02 8.771929824561403022e-02 1.200536552649228705e-01 1.181251693308046635e-01 1.423999999999999988e-01 9.848968304616038949e-02
nan 6.416097190584661714e-02 7.831325301204819511e-02 1.572602739726027266e-01 7.502168256721596096e-02 2.297101449275362195e-01 1.594394500264410264e-01
nan 6.683673469387754751e-02 9.316770186335403270e-02 2.171189979123173408e-01 5.561497326203208857e-02 1.839622641509433831e-01 8.172177167810355802e-02
2.025316455696202500e-01 5.851063829787234161e-02 1.161695447409733101e-01 2.129703763010408202e-01 3.355387523629489721e-02 2.019230769230769273e-01 1.195389975877780703e-01
1.140065146579804546e-02 8.254329414738971471e-02 5.745454545454545259e-02 2.315284827975183368e-01 1.566051506620790290e-01 1.934809862097785216e-01 1.504014823965410808e-01
1.635991820040899949e-02 1.347572815533980561e-01 9.716981132075472316e-02 2.830188679245282946e-01 1.312567132116004287e-01 2.743309002433090282e-01 1.471741261025808489e-01
1.890359168241965981e-02 1.674715085957118044e-01 1.285714285714285587e-01 2.793483469094393823e-01 1.187675070028011148e-01 2.551883166794773339e-01 1.287013741048964599e-01
