5.122332599360978483e-02 4.678030261552987290e-02 4.213379426017062335e-02 4.184557513823266434e-02 4.237392864348240445e-02 6.249160884518051989e-02 3.983317824112298650e-02 3.737602278019556967e-02 4.325356874433558541e-02 4.865036451390644667e-02 8.273546368594472677e-02 1.643051742465765352e-01 6.221367912276527801e-02 1.126702300545736474e-01 8.992436382412499762e-02 1.951176648469639396e-01 1.575321596801720625e-01 1.356465705871589267e-01 2.021914792775330316e-01 9.708391625019391347e-02 1.624547940419672210e-01 1.296178943815796125e-01
5.786757217028401512e-02 4.909936083022799214e-02 4.544817195774946555e-02 4.802114329517743335e-02 4.718240190779893206e-02 6.653213349956557665e-02 5.056012268163549012e-02 3.461778923580114548e-02 4.285803864673949637e-02 4.958047132086015191e-02 8.861239373791336693e-02 1.832629087194390383e-01 1.053230173323648766e-01 1.636840656688488549e-01 1.257963402077065806e-01 1.884602443110119374e-01 1.904554482507711810e-01 2.806925940432447586e-01 1.325587532016423986e-01 8.657915191818861544e-02 1.401301114280775750e-01 1.909609249328599601e-01
4.917398753402228012e-02 4.251212978408663162e-02 3.342622528473900012e-02 3.700921831040904220e-02 3.984666485830498650e-02 6.918872895236861942e-02 4.155992707182864371e-02 2.974209324686393624e-02 3.545379905152851174e-02 3.960070124821289672e-02 6.567674332236744794e-02 1.762934685015536962e-01 7.279668874348246832e-02 8.597683791353644134e-02 6.896954467522879717e-02 1.212062626961717127e-01 1.351356303422899252e-01 1.241415122497448176e-01 1.101251299114990589e-01 5.488154239536409407e-02 9.591859069832542328e-02 8.921075820656833300e-02
4.705874046359063284e-02 4.634629123435508175e-02 3.718214829073965971e-02 3.130532107043569601e-02 4.080189929326457493e-02 6.914901981611919213e-02 5.353387660085132116e-02 2.864690977596055094e-02 3.777523698398325969e-02 4.915493739607786072e-02 7.014727710713312969e-02 1.707329806990374454e-01 8.044688136006200585e-02 1.174431842114356112e-01 8.519048645496113403e-02 2.806925940432447031e-01 2.099641619349884580e-01 1.416899571303845695e-01 1.225060526747947381e-01 9.892372738729626747e-02 2.373725694749826143e-01 4.054687942657692612e-01
4.655252395835439427e-02 4.927299345851482437e-02 4.044826715899550035e-02 4.194432158283892959e-02 3.777402078501593957e-02 6.480078956561653725e-02 4.492328706026828267e-02 3.262347347463199349e-02 4.431654242749404754e-02 4.271664840697368681e-02 9.931079219379138068e-02 1.062353943567073966e-01 7.773251478937097392e-02 8.213318442298649102e-02 5.642955183663082852e-02 1.405637362927251999e-01 1.235701479973008998e-01 1.109798702556280409e-01 1.187006354263727970e-01 7.293459514814046307e-02 1.352387317893921914e-01 6.909952726326486216e-02
6.902161929091764347e-02 6.246952497812650884e-02 5.934512118649618723e-02 6.336576549200603758e-02 5.194992009338767619e-02 6.448508721736281868e-02 5.463062941417149571e-02 4.328125061625885672e-02 5.330638053797352727e-02 5.250143197051541921e-02 nan 1.763689910248366077e-01 2.099641619349884580e-01 3.058650914250685693e-01 2.272740130512162782e-01 3.367230529138357520e-01 2.659033913456306797e-01 2.061433487105061579e-01 3.100241081412358768e-01 2.395078476917590904e-01 2.640856206090247404e-01 3.010048489102398750e-01
3.626787411913869746e-02 3.442323961984487118e-02 3.259936605934817683e-02 4.240098962489373402e-02 3.747148337658941231e-02 4.805741789417902754e-02 3.596229689693018761e-02 3.102538793309516860e-02 3.548485463957155861e-02 3.731212643298991577e-02 8.745132125400703615e-02 9.360085346187058120e-02 5.695909489089052286e-02 1.150548014971340266e-01 1.057408427597742728e-01 1.402449822152910530e-01 1.544722899623065804e-01 1.159241716849041121e-01 1.292054265838012139e-01 8.416641030961197201e-02 1.921396429210663614e-01 1.909609249328599601e-01
4.200595808377644708e-02 3.181213927927930424e-02 2.604563001926134616e-02 2.654056601247355845e-02 3.152119097241145446e-02 4.323118436519717694e-02 3.517980606517340236e-02 1.849535553330849610e-02 2.836138326265000634e-02 3.149035030005872815e-02 6.197876945484683681e-02 1.770214607528506345e-01 7.402707886350207156e-02 9.528721549593258122e-02 9.507132933981379819e-02 2.718136272412727816e-01 1.813616562750825223e-01 1.541851431143663742e-01 7.721490159687087462e-02 6.140112893955199797e-02 9.148832238319709598e-02 1.351356303422899252e-01
4.982075913928156463e-02 4.188682260344286923e-02 3.350280068187076743e-02 3.665398558197229678e-02 4.028851208050451826e-02 5.980567158857557492e-02 4.961322461526040950e-02 2.795686536227981467e-02 3.285739491271794793e-02 3.662205680146250059e-02 2.007019918017876603e-01 1.175635168385471691e-01 1.402449822152910808e-01 1.823678503283424346e-01 1.104858958990304202e-01 3.058650914250685693e-01 2.373725694749826143e-01 1.951820838084173115e-01 1.297886067604929472e-01 1.067514386865246329e-01 1.144537824787643515e-01 1.690107635917265649e-01
4.810255839810644030e-02 4.825944232514801924e-02 4.109903204786481690e-02 4.657045071834408495e-02 4.038486182412839853e-02 4.821688741092459290e-02 4.534661662551122546e-02 3.048783256547467346e-02 3.619158552498528969e-02 3.774725324402405241e-02 2.272740130512162782e-01 1.477100110941847455e-01 3.058650914250685693e-01 2.073771042587912172e-01 2.073771042587912172e-01 1.733258039514800064e-01 1.534860820666736902e-01 1.922006983109504075e-01 1.247370707104093757e-01 1.657899081366613070e-01 1.332220823266610787e-01 1.510751280340330571e-01
6.587351370412061757e-02 9.393599578333536315e-02 5.396713795097431848e-02 5.407194816516045638e-02 1.237032869213523789e-01 3.100241081412358768e-01 7.537132524084834417e-02 7.306017971449484116e-02 1.521254314348686743e-01 1.884602443110119374e-01 3.190410077325026017e-02 3.870838594158112350e-02 3.109760000223022250e-02 4.319066196252707712e-02 2.896135023485826854e-02 3.874862944107301116e-02 5.999501145121003548e-02 3.446006159663083518e-02 4.796579444540911147e-02 3.836389389664029287e-02 4.296986345578450439e-02 4.690141607146925545e-02
1.268473146637350002e-01 1.542439712101577876e-01 1.341924230704777399e-01 1.415510738861432971e-01 1.209476458475675503e-01 1.680980552383306847e-01 9.289646568677004113e-02 1.628895619777518400e-01 1.832629087194390383e-01 1.466121315943048620e-01 3.765084476480897585e-02 4.189230537687155947e-02 2.831493167281473947e-02 4.100696037180621978e-02 3.295413116257456254e-02 4.291347052815791541e-02 5.870015912557767501e-02 3.109612976510089596e-02 4.129091249146320253e-02 3.545398761800609699e-02 3.757287091800828177e-02 4.781434176405784803e-02
5.891077052153161075e-02 9.096330184408264741e-02 6.932554097350841771e-02 6.336245086870195831e-02 8.775031715378026065e-02 2.455195743495247329e-01 8.427128141415451967e-02 8.808671484552756115e-02 1.046718542355671300e-01 1.239265144414392339e-01 3.263237816557745807e-02 3.854952495645785904e-02 2.849317670204699199e-02 3.858211040738224878e-02 2.666557094811231043e-02 4.328670230133922076e-02 6.432459189203501571e-02 3.923375161744473150e-02 4.042990719408324357e-02 2.952889178519044894e-02 3.420539400521696582e-02 3.896578221155389682e-02
1.624547940419672210e-01 1.325587532016423986e-01 8.328925355906585670e-02 6.400790294552254067e-02 1.247084331271544749e-01 1.950677444450527043e-01 1.777595655054848289e-01 1.074729438174753110e-01 1.814877230622761461e-01 2.395078476917590904e-01 4.392620656058836975e-02 4.910006732287750669e-02 3.693577689273044862e-02 4.364972235811723916e-02 3.381108368329367730e-02 5.965732244074292701e-02 8.142559812705373046e-02 5.115895771499364558e-02 4.778327624727141815e-02 4.080125734959324374e-02 4.511328375655681427e-02 5.112162961149441937e-02
4.797071499462636501e-02 1.203741420068995260e-01 6.800510825219027722e-02 7.368236368528420510e-02 6.422954867996914785e-02 2.659033913456306242e-01 7.852705507051939426e-02 8.408694806515309983e-02 8.718071097672429326e-02 1.212588749964659401e-01 2.576352356050027118e-02 3.869233587061447072e-02 2.644090831142106857e-02 3.231628641070008467e-02 2.212896776738954713e-02 3.998618375062604202e-02 6.308389026854459292e-02 3.142351984175550950e-02 3.586020688506062759e-02 2.602917439926775295e-02 3.339064865678111754e-02 3.296597119873377613e-02
1.213722103604107233e-01 1.741273856312389456e-01 1.514286907967710427e-01 1.053230173323648766e-01 1.379143976804016458e-01 3.706415575838594711e-01 1.050515604449952650e-01 1.675479006884507127e-01 1.369495516041328298e-01 1.508051463158953664e-01 3.409194784968797021e-02 4.360056598434454422e-02 3.289424361827059801e-02 4.050820229163386993e-02 3.189243856819070494e-02 3.679478466072005211e-02 6.621756924871247119e-02 3.574739880925336538e-02 5.712943559176501124e-02 4.636443609518521580e-02 4.158397902957652187e-02 5.010823361134872367e-02
1.302382903615692256e-01 1.777595655054848289e-01 9.967565261125345411e-02 1.463111399266938950e-01 1.241093826350156692e-01 2.659033913456306797e-01 7.117765488325865364e-02 9.202072703070410253e-02 1.642504659090506802e-01 1.263992845863947112e-01 6.415892877339617051e-02 6.520199582300456598e-02 5.043114086210665620e-02 6.152170247701931050e-02 5.208179980382247887e-02 6.880729026146094329e-02 7.343197689498705272e-02 5.579019664826222885e-02 6.370404445352226275e-02 5.110375810720653444e-02 5.252324110791947026e-02 5.593754594691797283e-02
1.205349476223151889e-01 2.176725437228916593e-01 1.040929239637091996e-01 1.053230173323648766e-01 1.552567459037317299e-01 2.096077929881256796e-01 1.144937883491193020e-01 1.056082981608370275e-01 1.322790487261972514e-01 1.358362058374051884e-01 3.337743737888602263e-02 3.513752083472734822e-02 3.082338777712465352e-02 4.318377644912866492e-02 2.880234410577455981e-02 4.031642293198230836e-02 5.782155937549068869e-02 2.996646394037474903e-02 3.918321061921624382e-02 3.337114694895300382e-02 3.620433172993189896e-02 4.574093682323087523e-02
1.909609249328599601e-01 1.418735420700582839e-01 1.232298488601493436e-01 1.426625957843793702e-01 1.823274850946221270e-01 3.367230529138357520e-01 1.336092633562415144e-01 8.101072299747563710e-02 1.415585357831138369e-01 1.150442371481599085e-01 5.655206355870950191e-02 6.328871296007017311e-02 4.182494876946288298e-02 4.487686352291754555e-02 3.512154918096915129e-02 6.541697346812633262e-02 8.981510661177831423e-02 5.003050148612567249e-02 4.849729190256769906e-02 3.383049524714890760e-02 4.799777024054099200e-02 4.839799804765558544e-02
9.268131283980449164e-02 8.249310071355714369e-02 6.200381459002195922e-02 1.033511233962609716e-01 1.036394088035709066e-01 2.261019490318407210e-01 7.190317022963314819e-02 6.976931279094950034e-02 1.185128180585153929e-01 1.356376755726379224e-01 3.931774279728882798e-02 4.673081237593469661e-02 2.916788814369530858e-02 3.901732004621948774e-02 2.579712420153223648e-02 4.643982245822560195e-02 6.455847424928515266e-02 3.949888722138671093e-02 3.431640999803064335e-02 2.981096870585083977e-02 3.654516793347051262e-02 3.926779490877167766e-02
1.292260678784822592e-01 1.510845919076228561e-01 1.009602315549897739e-01 1.215862570285424216e-01 1.056082981608370275e-01 2.640856206090247404e-01 1.125784984830964092e-01 9.173138358594508379e-02 1.161421637921010303e-01 1.187354303286495272e-01 4.277547937515045751e-02 4.720189645285090274e-02 3.438862249561226020e-02 4.248631943205818245e-02 3.256917520396002130e-02 5.166016487380408612e-02 6.845099246258209980e-02 4.267634339224815609e-02 4.485514466472933365e-02 3.619703150439181061e-02 3.942448918138850844e-02 4.100602435972348220e-02
1.073434493398806588e-01 1.951176648469639396e-01 7.969087621346594708e-02 8.094644858822001854e-02 1.533675529274109439e-01 3.100241081412358768e-01 1.104499289731929595e-01 8.630100000771490087e-02 1.413819589199656890e-01 1.151372482104306150e-01 4.094749512114023715e-02 5.163996935304519115e-02 3.641723791091894258e-02 4.320740305572468021e-02 3.428727558989111412e-02 5.756076023613458659e-02 7.344365490909146588e-02 4.633950254293134341e-02 4.480426282964306700e-02 3.754453788068803227e-02 4.135035842701514919e-02 4.607730504444789571e-02
