2.228869875753667074e-01 2.176725437228916593e-01 1.480032695476364291e-01 1.716893028953822009e-01 9.735229201872330762e-02 2.854174148212371698e-01 2.806925940432447586e-01 1.241002829576816069e-01 1.626383658505065610e-01 1.821941076914872781e-01 nan nan nan nan nan nan nan nan nan nan nan nan
2.718136272412727816e-01 2.455195743495247329e-01 1.490319631111133580e-01 1.685989702287192249e-01 2.659033913456306242e-01 1.605367459581262812e-01 1.634193373935493299e-01 1.056082981608370275e-01 6.757005409246420735e-02 7.544086423067046521e-02 nan nan nan nan 4.357751717092057109e-01 nan nan nan nan nan nan nan
1.241817997430071097e-01 1.356376755726379224e-01 5.679178031801284526e-02 1.053230173323648766e-01 1.292361684748479511e-01 1.358919788690310382e-01 1.480470807103706488e-01 4.926463207667462763e-02 5.689514617062824825e-02 4.393555262712946219e-02 3.809628615373578109e-01 nan nan 4.054687942657692612e-01 2.854174148212371698e-01 3.809628615373578109e-01 nan nan 2.854174148212371698e-01 2.125152900469710615e-01 1.716893028953822009e-01 2.680441302099209611e-01
nan 4.357751717092057109e-01 3.367230529138357520e-01 nan nan 4.357751717092057109e-01 nan 2.395078476917590904e-01 1.416899571303845695e-01 1.157498122762926906e-01 nan nan nan nan 3.809628615373578109e-01 nan nan nan nan nan nan nan
1.680980552383306847e-01 6.752293529176822684e-02 3.513038145379532989e-02 5.258295543372480674e-02 6.355319558551306147e-02 1.302382903615692256e-01 9.501625927540174876e-02 4.251922086836289888e-02 4.751635314049799941e-02 5.150201768669936120e-02 4.054687942657692612e-01 2.476136336469768606e-01 3.706415575838594711e-01 3.809628615373578109e-01 2.854174148212371698e-01 2.476136336469768606e-01 nan 3.809628615373578109e-01 2.373725694749826143e-01 2.099641619349884580e-01 2.476136336469768606e-01 2.292682995800220114e-01
1.117930514716768547e-01 5.906815049364286946e-02 3.529226996666472854e-02 5.496714416205277648e-02 4.327258870330473461e-02 1.102047269562347886e-01 8.591118802809787069e-02 3.726013236932711886e-02 4.915096383919975026e-02 5.206670507749970589e-02 3.809628615373578109e-01 1.950677444450527043e-01 2.854174148212371698e-01 2.718136272412727816e-01 2.395078476917590904e-01 3.367230529138357520e-01 2.806925940432447031e-01 3.010048489102398750e-01 1.185919840038364426e-01 9.096330184408264741e-02 2.022694440619842438e-01 3.809628615373578109e-01
7.446736060200877250e-02 5.014911371290815129e-02 3.261436847805038175e-02 5.224629100943943560e-02 4.594370057519808759e-02 6.180318196906489647e-02 7.629071788427661815e-02 2.488843640347839989e-02 2.824537672594904653e-02 3.435186431430890808e-02 1.002556688752571368e-01 1.567291602692535424e-01 1.292361684748479511e-01 2.718136272412727816e-01 5.969270042501925722e-02 4.054687942657692612e-01 1.266647029771968691e-01 1.607383185605434639e-01 1.009998776801565024e-01 6.316761939062687237e-02 9.908469653118803788e-02 1.438192838647300020e-01
6.576094054512597598e-02 4.795858279132458185e-02 3.413479634393655482e-02 4.387241549703849858e-02 5.463184848914477698e-02 8.997799503118467102e-02 5.862224111553304695e-02 2.023784954849861331e-02 2.774844260632130036e-02 3.121148799437946375e-02 2.640856206090247404e-01 1.821209058191011199e-01 1.430845795657614550e-01 3.010048489102398750e-01 8.408745650190478649e-02 1.607383185605434639e-01 nan 3.100241081412358768e-01 8.231315934861135886e-02 6.039341525318479148e-02 1.089342809646336729e-01 1.057408427597742728e-01
3.885999512220866814e-02 2.361342190400674695e-02 1.940332647314710335e-02 2.039558872503326528e-02 3.036492515184377808e-02 4.060630953134442694e-02 2.876697064963601447e-02 1.455232576050755587e-02 1.699630939006166463e-02 1.829091658623320862e-02 6.665271991883058023e-02 1.075331979386932035e-01 6.030263406635340967e-02 6.480886560245473216e-02 4.117837571349875631e-02 9.150761923235031792e-02 6.542484263365087871e-02 9.566238582219448172e-02 4.107249344528116769e-02 3.175404102334428158e-02 3.895166097736543070e-02 5.760164892475284210e-02
1.057408427597742728e-01 6.837678870891490679e-02 5.719039143178535067e-02 6.523468480247154866e-02 1.042487186855898529e-01 1.187701688658017868e-01 1.425190094198192647e-01 3.741477427841412989e-02 4.091489097103759992e-02 4.697310290539905703e-02 3.010048489102398750e-01 nan 2.272740130512162782e-01 nan 1.909609249328599601e-01 nan nan nan 2.455195743495247329e-01 1.176402401030279127e-01 1.372853536837529975e-01 2.860064807222964522e-01
2.772174074961036502e-02 2.800925662820035952e-02 1.676805841080977050e-02 1.771807641135734329e-02 2.802155368311848652e-02 3.566059533527710101e-02 2.632248070183019692e-02 1.441582869253856501e-02 1.745120718086036818e-02 1.872855089271139098e-02 8.522877410631227169e-02 7.087575219601076337e-02 7.125984032451007644e-02 7.564347546912496278e-02 5.847295737744895305e-02 8.096930031732790800e-02 8.170913850015136537e-02 1.038090882219086242e-01 5.832740423523118806e-02 5.303271135796719382e-02 6.302057589411876048e-02 5.258295543372480674e-02
7.839061138431550890e-02 4.932143994565973966e-02 3.945121707861395238e-02 4.455703361722390676e-02 6.065164681346595782e-02 7.857755722536800824e-02 9.014951953518465788e-02 3.312919797502260344e-02 4.594880584766617565e-02 4.584172953203054235e-02 1.021855325314440094e-01 1.921396429210663614e-01 8.528711756106432951e-02 1.066122451266711679e-01 1.255500266478777882e-01 2.125152900469710615e-01 1.427382037379460178e-01 1.607383185605434639e-01 1.261260764627582798e-01 1.572915044804436835e-01 1.071632193066655581e-01 7.941182604190344385e-02
9.369049801138629174e-02 7.535518764769215394e-02 5.850253245295979065e-02 5.275868868877613832e-02 7.007418098510180549e-02 9.875836011609641363e-02 1.124821483795907240e-01 3.887485803944879664e-02 5.030174538345018320e-02 4.781178725017531245e-02 3.010048489102398750e-01 1.427382037379460178e-01 2.099641619349884580e-01 nan 2.292682995800220114e-01 2.854174148212371698e-01 1.331414040896388151e-01 2.184950335716633329e-01 1.250794796341924142e-01 1.021855325314440094e-01 1.607383185605434639e-01 2.125152900469710615e-01
7.752678902436350994e-02 8.827161533736632704e-02 5.912088872867397871e-02 5.984594983482634939e-02 5.909496750481179478e-02 9.594096760579765015e-02 6.716265759338171937e-02 6.236225048581366115e-02 4.255474388785386586e-02 4.729360545146180095e-02 nan nan nan nan 2.149546174496765050e-01 nan nan nan nan nan nan nan
1.451636716945361484e-02 2.017634091049293546e-02 1.441010305393316746e-02 2.249463435490824115e-02 1.915724389890965940e-02 2.141775964761558418e-02 1.390839997258718798e-02 1.425253468325548764e-02 1.761418930637153810e-02 1.683299693594969212e-02 5.155230534045288082e-02 7.721301922366967385e-02 5.358476266208675454e-02 8.152605087423389629e-02 6.368687962649291490e-02 9.992235945562966126e-02 8.984478946569379731e-02 7.103411272587004111e-02 4.618836648292699160e-02 3.979431781423740933e-02 6.103718335675756279e-02 9.139730378076640904e-02
4.506580109715646598e-02 4.965767859535008544e-02 5.265540582496079647e-02 5.435002839568055244e-02 3.879208993176329334e-02 5.620810335268101171e-02 3.263796649556752194e-02 3.530800027460043872e-02 3.426361430639464356e-02 3.786646120849262304e-02 3.367230529138357520e-01 3.809628615373578109e-01 3.809628615373578109e-01 3.010048489102398750e-01 3.010048489102398750e-01 nan nan 3.809628615373578109e-01 nan nan 3.809628615373578109e-01 3.706415575838594156e-01
3.706604770472941152e-02 5.193515315374651331e-02 3.470381871216186159e-02 4.318309942613555302e-02 3.268256567140902236e-02 5.446629865191131292e-02 3.264977322077531469e-02 3.631174044501833675e-02 3.844805421699330761e-02 3.560875887960025798e-02 3.383866303536623432e-01 nan 2.680441302099209611e-01 3.809628615373578109e-01 2.184950335716633329e-01 4.357751717092057109e-01 3.274615969333262711e-01 nan 3.706415575838594156e-01 1.950677444450527043e-01 3.706415575838594156e-01 2.099641619349884580e-01
3.706278444446128861e-02 4.056108995314569587e-02 3.473394894862437410e-02 4.385266103558332212e-02 3.450437908506606005e-02 4.428852819776967625e-02 3.195292525066924932e-02 2.299723497610356437e-02 2.624941884854072038e-02 2.531944201895415178e-02 1.921396429210663614e-01 2.382400331048388775e-01 1.884602443110119374e-01 9.461173438475908859e-02 1.628895619777518400e-01 3.367230529138357520e-01 3.809628615373578109e-01 3.383866303536623432e-01 9.258307569370888279e-02 8.982233729126017086e-02 9.708391625019391347e-02 8.269473071902942729e-02
5.672117405841451548e-02 4.626499340678182776e-02 3.519323594166614416e-02 3.592513088269558286e-02 4.026060378422923608e-02 6.212396339299459946e-02 4.455020444601948126e-02 2.997889961245418095e-02 3.976994059853138086e-02 4.641383545489448370e-02 6.458551711781584936e-02 9.262860786049449680e-02 6.675130932150720453e-02 1.033759281807919567e-01 6.869600742886597389e-02 1.372853536837529975e-01 1.463111399266938950e-01 1.187701688658017868e-01 1.654883668627208648e-01 8.265456649574678960e-02 1.474090269811678400e-01 1.837989412710076542e-01
8.902614258247536216e-02 1.040308581330044863e-01 8.128843418497271045e-02 8.234257054662445785e-02 7.621289394608826706e-02 1.256281331071288365e-01 6.408996850219585151e-02 4.284449806022095492e-02 3.772801999083779528e-02 4.376898293616810626e-02 3.809628615373578109e-01 3.383866303536623432e-01 3.809628615373578109e-01 nan 2.073771042587912172e-01 3.809628615373578109e-01 nan 3.010048489102398750e-01 1.607383185605434639e-01 1.909609249328599601e-01 1.900191890099049707e-01 3.367230529138357520e-01
4.436305415207894565e-02 4.723364148162591952e-02 3.657048513079416696e-02 4.335758511242818192e-02 3.844195157347275044e-02 5.924278775616415721e-02 3.373994537736127453e-02 2.559973198990711518e-02 3.358843950326233230e-02 2.948793475910120587e-02 5.525365942819845250e-02 9.609796675013275447e-02 5.690424514758539443e-02 7.828181171142056805e-02 4.382385416758103475e-02 1.224560351246923307e-01 1.020219108805850289e-01 1.567729187505496613e-01 8.441403580311615529e-02 5.612078363516664198e-02 9.722609286800451556e-02 7.451190663572805628e-02
3.763221560054717113e-02 3.498927091781959403e-02 3.253156555903383845e-02 2.599034653056081501e-02 3.005394384847790909e-02 3.868651868939217142e-02 3.555586151132907047e-02 2.216486229811673661e-02 3.222620878352336349e-02 2.894202597975393046e-02 5.389799831935521840e-02 5.816843610302135231e-02 7.227094324305567696e-02 6.301476698115786312e-02 5.779294388070374544e-02 1.474090269811678400e-01 9.786268289953532762e-02 4.775912696630497251e-02 1.367651251841916216e-01 7.635297384761695338e-02 1.401301114280775750e-01 2.149546174496765050e-01
2.508343397121054821e-02 2.468247134087761877e-02 2.012767354681523416e-02 3.442618648727253927e-02 2.106308604233722570e-02 2.287452409205115514e-02 1.914201476701769128e-02 2.124031193126042077e-02 2.154541149981950912e-02 2.106361758716580185e-02 1.302382903615692256e-01 1.212588749964659401e-01 1.821941076914872781e-01 6.818251567999551732e-02 1.066122451266711679e-01 1.116210789775508028e-01 2.061433487105061857e-01 1.490319631111133580e-01 1.609484891483821123e-01 1.484413976458708040e-01 1.600196832164029748e-01 1.782037921688483795e-01
2.652424982110994367e-02 2.600187458152405928e-02 2.348503222788593872e-02 2.748679803814107689e-02 2.444994349295755501e-02 3.291365105491356191e-02 2.531547251475511212e-02 2.001401951737247567e-02 2.498607378641750157e-02 2.483212611283738130e-02 6.483455953008986083e-02 6.755653578828726968e-02 4.586890419817840625e-02 6.708324856091929522e-02 4.796719458251005180e-02 1.031704953412923287e-01 9.460499490075414963e-02 7.820035039230344154e-02 9.029115150709969562e-02 5.370926938549844265e-02 9.973475835294691449e-02 6.027885316640142072e-02
2.521681420501525328e-01 1.433686820651691174e-01 1.358919788690310382e-01 1.415510738861432971e-01 7.372847625073611355e-02 3.383866303536623432e-01 2.243068117006538353e-01 1.603890116652540443e-01 1.033759281807919567e-01 2.280299853445609815e-01 nan nan nan nan 3.809628615373578109e-01 nan nan nan nan nan nan nan
3.476323347471989289e-02 3.163947294928358411e-02 2.609837389111608827e-02 2.840690016754014030e-02 2.848196423512413741e-02 3.820313419112349174e-02 3.352432415051892489e-02 2.049576944422741229e-02 2.413215012486744776e-02 2.617219528744081994e-02 1.718565444154556976e-01 1.141445278823038090e-01 1.314562851672120003e-01 1.463810520742888366e-01 1.006945930889767971e-01 1.593067435431750334e-01 1.388106291729674924e-01 1.433671804180662868e-01 9.359737259299029388e-02 9.133591728738559012e-02 9.141564147051328693e-02 1.155192716560108079e-01
4.200595808377644708e-02 3.173684229737824825e-02 2.599921451458553356e-02 2.650093838294115614e-02 3.152119097241145446e-02 4.323118436519717694e-02 3.517980606517340236e-02 1.845977365488291402e-02 2.826414023832126560e-02 3.138321933115827134e-02 6.197876945484683681e-02 1.770214607528506345e-01 7.402707886350207156e-02 9.528721549593258122e-02 9.507132933981379819e-02 2.718136272412727816e-01 1.813616562750825223e-01 1.541851431143663742e-01 7.721490159687087462e-02 6.140112893955199797e-02 9.148832238319709598e-02 1.351356303422899252e-01
1.244406898091458304e-02 1.454110800106242669e-02 1.064750741589181281e-02 1.472069711335848193e-02 1.213473508086535327e-02 1.627190048583548182e-02 1.137390720086614050e-02 1.116896413627352369e-02 1.336249178521287280e-02 1.389354240681319082e-02 3.103658782699760671e-02 5.423129920685510613e-02 3.910736567289357923e-02 6.236834017096402200e-02 4.257053436629506388e-02 9.469209485415920613e-02 5.991472975039192211e-02 4.208591453158666562e-02 3.797224190192781401e-02 3.308397240574700859e-02 3.937170507414695930e-02 6.584864986680825927e-02
2.290664635605701646e-02 2.171109632474395659e-02 1.793788914398183193e-02 1.771483008827501315e-02 1.870385020087038386e-02 3.136768970771768028e-02 2.169851609857694971e-02 1.396435339583533379e-02 1.743735591709596675e-02 1.971953798100742339e-02 4.111850144339539159e-02 7.543540856676128614e-02 4.466542022597072559e-02 5.342368917842124643e-02 4.541508007445962947e-02 8.681545108601736171e-02 7.115861029643640034e-02 7.623074645193571308e-02 6.317375023445538640e-02 4.097475718141035950e-02 6.999011361452715796e-02 7.527598732143968296e-02
1.769917072120839180e-02 1.655021406650686658e-02 1.477620216857089032e-02 1.481450362188740412e-02 1.452648320805312136e-02 2.182063336298680628e-02 1.538685475595746172e-02 1.270381515779134621e-02 1.549114485872342406e-02 1.679589063125425108e-02 3.146542119565125251e-02 4.441880958484051289e-02 3.442149833791577351e-02 4.316945961344527405e-02 2.731234145529224180e-02 6.878477403383731481e-02 5.727327875298632298e-02 4.363017004382537672e-02 5.682906312082921380e-02 3.683898617266365833e-02 5.593555461458293854e-02 5.056165332206469937e-02
3.272460497188537515e-02 3.024716691432012550e-02 2.479169334030165844e-02 2.379879564618516199e-02 2.509176191471096037e-02 4.382824847277167618e-02 2.615352651018392621e-02 1.759915641210120507e-02 2.683453605452906440e-02 2.865978501550058705e-02 6.989976066747988215e-02 7.191453565079733434e-02 5.158566045133631400e-02 5.658457604157746818e-02 6.114669857751824783e-02 9.456102277974078041e-02 8.946757135197321020e-02 6.752293529176822684e-02 8.098977087578548839e-02 6.234066009024365890e-02 8.846557474785837760e-02 1.089342809646336729e-01
4.376958901737545288e-02 3.358535020069791655e-02 2.947245551798657187e-02 2.450612067968449548e-02 2.577310046109809738e-02 3.953672304684149180e-02 3.214582228220232846e-02 2.024556694368407489e-02 2.594604694314768534e-02 2.704409792422568862e-02 9.029115150709969562e-02 1.089342809646336729e-01 5.641246693634936055e-02 8.246979566866341482e-02 5.023812151788530772e-02 1.036398716214699672e-01 1.071632193066655581e-01 9.303568482816414187e-02 8.633156002964852138e-02 5.042251969222460994e-02 7.333088028466883124e-02 1.231677718909412467e-01
5.612228771031854690e-02 6.013771925091900700e-02 4.729395668567978189e-02 4.550440657055099952e-02 4.889282055138201993e-02 8.896051714183240977e-02 4.513774002019275283e-02 3.575668851953640870e-02 4.829008598032233368e-02 5.915788401652576772e-02 1.983453579040808656e-01 2.243068117006538353e-01 1.752074653023268369e-01 2.073771042587912172e-01 1.733656272819612820e-01 1.383195241321927282e-01 3.367230529138357520e-01 1.620364706668857568e-01 1.215862570285424216e-01 1.073386551975449854e-01 2.096077929881256519e-01 3.058650914250685693e-01
2.680507015153437214e-02 2.632442904777976614e-02 2.099036277414522561e-02 2.324936770233979738e-02 2.457385950135734104e-02 3.238054787346217323e-02 2.070694023654355218e-02 1.521047555380518161e-02 1.927819765691770465e-02 2.014860662429967739e-02 5.717875585910947578e-02 6.638872768095825661e-02 6.382380235352710929e-02 5.733229144123561799e-02 6.537473302210206061e-02 1.026967586270215727e-01 6.274340581739719369e-02 5.918029301631068384e-02 4.343314148152659093e-02 3.568100518191863468e-02 4.741977498420306414e-02 4.494525683307348113e-02
4.476407736214398775e-02 2.808945921698921544e-02 2.338752880128101841e-02 2.397171569210271996e-02 2.916092931957898690e-02 3.869124668922298976e-02 3.650499447768539713e-02 1.642972298610936854e-02 1.887395312701790548e-02 1.982602800471639989e-02 6.358929146144161326e-02 1.101010667704736129e-01 6.316761939062687237e-02 1.215862570285424216e-01 4.039323333211153333e-02 1.438192838647300020e-01 9.957745507211288039e-02 9.708391625019391347e-02 4.383414710496009309e-02 3.881168227865899878e-02 5.705410198849330400e-02 5.862898720111658218e-02
7.625057228714943180e-02 6.268544779073714768e-02 3.122819697297474911e-02 3.891105776079326756e-02 6.199799175476521096e-02 6.553267344753752055e-02 1.241002829576816069e-01 3.338432032553449030e-02 3.942448918138850844e-02 4.494199296771429070e-02 7.998000168662540432e-02 8.293216956898864789e-02 9.148343592970036020e-02 2.243068117006538353e-01 8.081113314912720391e-02 2.292682995800220114e-01 1.157498122762926906e-01 1.832967502522322156e-01 9.867438935345554385e-02 7.807131858329163787e-02 8.096930031732790800e-02 7.620298526977244136e-02
nan nan nan nan nan 4.357751717092057109e-01 nan nan 3.499610108478505288e-01 nan nan 2.640856206090247404e-01 2.476136336469768606e-01 nan 1.092469815160791446e-01 4.357751717092057109e-01 4.357751717092057109e-01 2.963594996225076827e-01 2.640856206090247404e-01 1.261260764627582798e-01 2.491271121195423877e-01 2.854174148212371698e-01
3.809628615373578109e-01 nan 2.640856206090247404e-01 nan 3.010048489102398750e-01 2.292682995800220114e-01 nan 1.383195241321927282e-01 1.292054265838012139e-01 2.476136336469768606e-01 1.438192838647300020e-01 1.607383185605434639e-01 1.021648821154323428e-01 1.951820838084173115e-01 9.237035684951057368e-02 1.951176648469639396e-01 nan 1.415510738861432971e-01 1.313208398362591678e-01 9.202926982677001044e-02 1.191687632376358108e-01 2.021914792775330316e-01
3.010048489102398750e-01 nan 1.716893028953822009e-01 nan 1.071632193066655581e-01 3.010048489102398750e-01 nan 7.721008157878381239e-02 2.854174148212371698e-01 1.909609249328599601e-01 1.247084331271544749e-01 1.474090269811678400e-01 1.079273880065869801e-01 1.383195241321927282e-01 9.146831881814980469e-02 9.327320078649461998e-02 1.686844529516917934e-01 1.091757367213455204e-01 9.268131283980449164e-02 5.565733134107224422e-02 6.679729753891140709e-02 7.728406624048970996e-02
nan nan nan nan nan 3.809628615373578109e-01 nan nan nan nan nan 2.272740130512162782e-01 1.427382037379460178e-01 nan 1.474090269811678400e-01 2.718136272412727816e-01 nan 2.022694440619842438e-01 1.909609249328599601e-01 8.290543720903495450e-02 1.427382037379460178e-01 1.607383185605434639e-01
2.184950335716633329e-01 3.058650914250685693e-01 1.220766011909298066e-01 nan 1.821209058191011199e-01 2.099641619349884580e-01 nan 1.292260678784822592e-01 1.358919788690310382e-01 1.487938242192647365e-01 1.042387542871899414e-01 7.599316819603287032e-02 7.499003290562386570e-02 8.848990321373893797e-02 4.779749809684080697e-02 8.135532261954436795e-02 1.832629087194390105e-01 7.053099081414006266e-02 8.447090984276692249e-02 5.954123961958453226e-02 6.099442835497340815e-02 7.260244248961300606e-02
2.280299853445609815e-01 1.326569697251245850e-01 1.125784984830964092e-01 1.125784984830964092e-01 2.149546174496765050e-01 1.752074653023268369e-01 2.188838390926658439e-01 6.469036161942513796e-02 8.522877410631227169e-02 1.909609249328599601e-01 6.867083320329465945e-02 8.152605087423389629e-02 3.665504442113696332e-02 6.079552124710371069e-02 3.952047073775096647e-02 1.196748640305267258e-01 1.187664676456226392e-01 6.943347500674533490e-02 6.093721466239097884e-02 4.985863553875047316e-02 5.724393994578926698e-02 6.759517016433518044e-02
1.141314857630818108e-01 1.433686820651691174e-01 1.156390260350342036e-01 1.474661341731726416e-01 8.780750357280633911e-02 1.239265144414392339e-01 1.762934685015536962e-01 5.827509829676585928e-02 9.547832642918085977e-02 1.124452196398698228e-01 3.991803317555624175e-02 6.534165291007561216e-02 3.015396563888254194e-02 4.434177608388616826e-02 2.230767100262899191e-02 5.616299807658384213e-02 7.636826063240020890e-02 3.889647817820302694e-02 4.200681507563029660e-02 3.012211515986865443e-02 3.186606792323400800e-02 4.032841831780764608e-02
1.752063773523008239e-01 1.141314857630818108e-01 1.082644328376447113e-01 7.901428097208579304e-02 9.862801947529711843e-02 1.342774649306097967e-01 2.088088228216030962e-01 4.454422245057951257e-02 6.830053458025187041e-02 1.256281331071288365e-01 3.964014183271619141e-02 4.790861311417023843e-02 2.764648011360812049e-02 3.175690230418390381e-02 1.850820815100253508e-02 4.963269127629259259e-02 5.075074117489095094e-02 3.354862695290191515e-02 3.339135058797482875e-02 2.447963869305886525e-02 2.339096886574520279e-02 3.291712757943568435e-02
6.899955687518860570e-02 6.076538140408833943e-02 4.568616547055917576e-02 5.223577180449151536e-02 4.055871577273902767e-02 9.780374850780172713e-02 8.102773107572346090e-02 2.622730200674356499e-02 5.496294806592409710e-02 5.334209923963847272e-02 2.413388277681537131e-02 2.805220546552629826e-02 1.855010729001345740e-02 2.243403126591544602e-02 1.305745049713087982e-02 2.890924305102333947e-02 4.944105563588564040e-02 2.590807343424592762e-02 2.070180127825686084e-02 1.497206678567436153e-02 1.647704983923975811e-02 1.926807811234988732e-02
2.854174148212371698e-01 nan 2.373725694749826143e-01 1.950677444450527043e-01 3.383866303536623432e-01 1.021193401311061288e-01 1.297886067604929472e-01 1.071632193066655581e-01 2.455195743495247329e-01 1.301063895550240157e-01 8.666101112727034317e-02 9.643061738408971462e-02 5.038829377786067237e-02 7.323787066196549289e-02 4.186062933748080361e-02 1.680980552383306847e-01 9.426094566051666790e-02 6.909952726326486216e-02 4.546122707107034394e-02 3.944833737666453288e-02 4.119849769596035938e-02 6.385355034050178846e-02
9.466743414757548825e-02 9.002835572351888804e-02 6.480447083487202165e-02 8.773831376734843313e-02 5.175566506690523760e-02 8.269473071902942729e-02 7.857755722536800824e-02 3.815929266888541671e-02 6.275914886506324397e-02 4.880031448705039049e-02 2.447345888719602153e-02 2.515549496920958805e-02 1.858304948429940692e-02 2.240160135265994654e-02 1.506658965064151812e-02 3.004941506487602415e-02 3.980680107890887526e-02 2.361396051553334499e-02 2.321473883665155571e-02 1.773020950980906327e-02 1.883255607602369111e-02 2.102359650687089451e-02
3.383866303536623432e-01 2.640856206090247404e-01 1.607383185605434639e-01 2.018391833670279134e-01 nan 3.809628615373578109e-01 1.657899081366613070e-01 8.859562660109789045e-02 1.707693057414993720e-01 1.685989702287192249e-01 9.303568482816414187e-02 7.941182604190344385e-02 4.886822947553715740e-02 5.827509829676585928e-02 3.730101124260466749e-02 9.034721983471924456e-02 1.185919840038364426e-01 6.837432315595153021e-02 6.291391731107397189e-02 4.683933467091589559e-02 5.379317887788605951e-02 5.528341993261257775e-02
2.476136336469768606e-01 2.125152900469710615e-01 3.383866303536623432e-01 3.010048489102398750e-01 1.250794796341924142e-01 4.054687942657692612e-01 2.726403227632813175e-01 1.009998776801565024e-01 1.757305515169116095e-01 1.101010667704736129e-01 9.229620564770815716e-02 7.625057228714943180e-02 6.018055743792471990e-02 5.832055958780901772e-02 5.952322441618872195e-02 9.115109666169600444e-02 1.093138203067212655e-01 6.899183144439335891e-02 6.306493805952018139e-02 5.066616720631587217e-02 5.464133521911788277e-02 6.686858201268015833e-02
1.292361684748479511e-01 1.634193373935493299e-01 6.943347500674533490e-02 1.752063773523008239e-01 6.396294591176418520e-02 2.171924310348408993e-01 1.416899571303845695e-01 1.900191890099049707e-01 1.146029417326960148e-01 8.205960844019469236e-02 5.175458378094417028e-02 4.671701409170667119e-02 5.028487138601180767e-02 6.987153517606227437e-02 3.728089265342278413e-02 4.006889625299654006e-02 7.729404552424763708e-02 4.304279122831632803e-02 6.654222055665812152e-02 3.788873464036567745e-02 3.587740741298799108e-02 4.616562311560205162e-02
5.478204234190604122e-02 7.715033169938549651e-02 4.839115469814634501e-02 9.643061738408971462e-02 4.658810129128326816e-02 6.943347500674533490e-02 3.345125607634566456e-02 5.728642040213065278e-02 5.935104526972621170e-02 5.511349049867161898e-02 1.632205301534257746e-02 1.631930810592427047e-02 1.472676203216070033e-02 1.724752386660355699e-02 1.497390112010692394e-02 1.726584535275853260e-02 2.830005438788096503e-02 1.357954029121629345e-02 2.135406483897706736e-02 1.687491635991842168e-02 1.882320416810530708e-02 1.941108645374136840e-02
2.518895579304359922e-01 2.073771042587912172e-01 1.416899571303845695e-01 1.130386918307258598e-01 1.707693057414993720e-01 2.349774931658740462e-01 2.491271121195423877e-01 1.864209492617320274e-01 1.280045665697339963e-01 1.359880291099914151e-01 7.102821736368869487e-02 4.684439743911231191e-02 4.990910854416862052e-02 5.687292755010480566e-02 3.850330457981814697e-02 3.433270401670950045e-02 6.518267670791350055e-02 2.954333179836859946e-02 5.619257498157313041e-02 3.726074695068470194e-02 2.995849214574947822e-02 3.876827329212843842e-02
3.809628615373578109e-01 2.518895579304359922e-01 2.171924310348408993e-01 1.255500266478777882e-01 3.383866303536623432e-01 4.357751717092057109e-01 3.499610108478505288e-01 3.706415575838594156e-01 2.149546174496765050e-01 1.519935704769038165e-01 3.446257908866274394e-02 3.715148310149362504e-02 2.738676386025646475e-02 4.151844358863872320e-02 3.481014643391463353e-02 4.214878583278473118e-02 6.559972086338641817e-02 3.199128208052323674e-02 5.704258006977812323e-02 4.314260176841935163e-02 3.486225960169606758e-02 4.581961324859348816e-02
1.247084331271544749e-01 1.233184117747667258e-01 7.488577187519075695e-02 1.331414040896388151e-01 5.301161478811147049e-02 2.272740130512162782e-01 1.138874208396169901e-01 6.769256058395579922e-02 6.204364885279785302e-02 6.125858561312411132e-02 2.730040774177929994e-02 2.628830000134338082e-02 2.297686885288391032e-02 2.907011243913472376e-02 2.541751097760628145e-02 2.779646910636972279e-02 4.625115763047057266e-02 2.761576645339720512e-02 3.359473098033528837e-02 2.511873794393723602e-02 2.389486993601151396e-02 2.573377559604711484e-02
8.043400332072120351e-02 7.049028692585283806e-02 7.817321642447733199e-02 6.763234483099005157e-02 1.177514519545480171e-01 2.383753266041962748e-01 7.162358297802114138e-02 1.292260678784822592e-01 7.828181171142056805e-02 1.705576128677656345e-01 3.485718938791253219e-02 3.820181764078391107e-02 3.059824441920957344e-02 3.750786978146378181e-02 2.692529457539708654e-02 3.761774744982301910e-02 5.817026377094286493e-02 3.201382360213871764e-02 4.875959767265288652e-02 3.694035582948491936e-02 3.735811641083758294e-02 4.277366454315600919e-02
2.455195743495247329e-01 2.854174148212371698e-01 1.513825105885968914e-01 1.734260371391387612e-01 1.833083607398829917e-01 4.357751717092057109e-01 2.149546174496765050e-01 2.292682995800220114e-01 1.752063773523008239e-01 1.777595655054848289e-01 1.027635480761795034e-01 5.981710321396513375e-02 8.649768895133684576e-02 8.640863403777754304e-02 6.544854913214956382e-02 6.265623491614751017e-02 1.134640729517635560e-01 4.883268557429349538e-02 8.233317953682840751e-02 6.193666472147020541e-02 3.846480156565420389e-02 4.287716909518551889e-02
6.140385627706491933e-02 8.500934377859147018e-02 5.943167255828392392e-02 8.455594783458145192e-02 6.533689569432107880e-02 1.644577168760611718e-01 5.318813703682220145e-02 1.094413334903795026e-01 1.334239836639715127e-01 9.427054776683962967e-02 3.390985047546196673e-02 3.562886354757060364e-02 3.094304888512798210e-02 4.812629208016499377e-02 2.760451976203185873e-02 3.060192029959038149e-02 5.040801707705239859e-02 2.725254074337002050e-02 4.306269399935033076e-02 3.480435312091304662e-02 3.303730478314630820e-02 3.261993579130155474e-02
8.586136998288237954e-02 9.146831881814980469e-02 8.296193121061694320e-02 8.515968432064641158e-02 1.305010305777497825e-01 3.367230529138357520e-01 8.328925355906585670e-02 1.065455909314305116e-01 1.358362058374051884e-01 2.373725694749826143e-01 3.800878199608891117e-02 3.253907847033551265e-02 3.142208688060863647e-02 3.526209500378758854e-02 2.467682711229150089e-02 3.715114977179512917e-02 7.580114968574606926e-02 3.170801091971042762e-02 4.458197275105155871e-02 3.129418112240356376e-02 4.027728042536473513e-02 3.514301616310089305e-02
8.081113314912720391e-02 9.968670041114816027e-02 9.014951953518465788e-02 1.162454482646012588e-01 5.826813510680461938e-02 1.369495516041328298e-01 4.264469096749390342e-02 2.718136272412727816e-01 9.461496668074678706e-02 1.210879340251275194e-01 2.143657909837660969e-02 2.266426519889948310e-02 1.958461957427353947e-02 1.815566902490979226e-02 1.654495741948852627e-02 2.047276453613583458e-02 2.823110435628873108e-02 1.647375176752422996e-02 2.378025022206897710e-02 2.294380414779774099e-02 2.169752342347972679e-02 2.090987814326467770e-02
7.172760555468421506e-02 1.189790525605298882e-01 6.578240336921786779e-02 6.615565295789460620e-02 8.215322912508901676e-02 1.648564471089176975e-01 5.612132368662260673e-02 6.488037409441453629e-02 8.591118802809787069e-02 8.363547580027891337e-02 2.285274506200263983e-02 2.542292781243590469e-02 2.086607185284899621e-02 2.696591271180961633e-02 1.988733063964864822e-02 2.618424141020906162e-02 3.900409703462909272e-02 2.182518815343640825e-02 2.955233540442082571e-02 2.428621417529443216e-02 2.459646115035485012e-02 2.963136002946357983e-02
3.809628615373578109e-01 nan nan nan 2.718136272412727816e-01 nan 2.476136336469768606e-01 nan nan nan 2.806925940432447586e-01 3.058650914250685693e-01 3.123836935173494589e-01 2.476136336469768606e-01 1.864209492617320274e-01 1.266647029771968691e-01 3.010048489102398750e-01 1.921396429210663614e-01 4.054687942657692612e-01 2.538000639018145321e-01 2.718136272412727816e-01 1.821209058191011199e-01
8.461131871741371657e-02 1.276454642209177703e-01 6.528485167466883954e-02 6.690082755053050612e-02 9.253010849055409714e-02 2.125152900469710615e-01 7.998000168662540432e-02 6.810505763949052660e-02 9.464132241676870283e-02 9.317505155348779211e-02 3.169270810755422246e-02 3.595912004145911806e-02 2.576181680703967455e-02 3.065676577453792587e-02 2.410860640341156921e-02 3.954367282926497806e-02 5.099508406819001916e-02 3.233679365011773305e-02 3.262622971598379273e-02 2.668884809143786535e-02 2.858427638882375318e-02 3.111258153130477128e-02
8.307920134452201344e-02 7.200303374750784136e-02 5.776533787995214581e-02 8.266166591395338048e-02 9.229742197968421324e-02 2.021914792775330316e-01 6.150616319714599656e-02 5.402300554350296380e-02 9.344300403252432663e-02 8.833943869713224706e-02 3.236709073344359172e-02 3.828802402683666867e-02 2.400814147088557032e-02 2.946865379781592187e-02 2.079072439638366201e-02 3.777045221795710672e-02 5.294147775900603925e-02 3.104217671767517742e-02 2.784755664793566593e-02 2.226093072861614133e-02 2.925096284477681635e-02 3.041140146681470605e-02
5.142917592677736377e-02 7.400664151474911634e-02 4.556687871544638779e-02 9.368657632429060189e-02 3.640885648981330436e-02 7.600842623217718419e-02 3.175292996683627689e-02 6.270706427800915028e-02 4.369186957111105551e-02 5.517123481936993951e-02 9.424183464908324551e-03 1.100888133894400121e-02 9.993250930495458859e-03 1.203356168685259901e-02 8.998421273179594768e-03 1.218337524885059441e-02 1.989737415522576866e-02 8.900619572197246421e-03 1.533146410088343826e-02 1.328663384195429703e-02 1.280685614902340140e-02 1.414893808683581784e-02
3.281313147740775454e-02 5.407938761731434507e-02 3.508483576381734442e-02 3.925618803379772592e-02 4.232112588690715299e-02 1.125784984830964092e-01 3.748836729424156328e-02 4.188705224640092151e-02 5.423129920685510613e-02 6.638872768095825661e-02 1.587383007053731060e-02 2.062615633429249612e-02 1.491383739653018986e-02 1.888666341801146717e-02 1.286050304401593208e-02 2.268102040795209190e-02 3.593645196867038816e-02 1.859301102595356525e-02 1.988002399586924485e-02 1.485364472105156486e-02 1.849281058352844273e-02 2.013847280596671452e-02
3.279031686705622534e-02 4.358989315806814646e-02 2.420198795986235052e-02 3.021922459544518907e-02 4.245192383281125303e-02 9.274241367483006260e-02 3.259442384243935870e-02 3.988251289266059318e-02 7.823220723220236650e-02 6.814793619477960140e-02 1.306898352930552405e-02 1.584373753543747571e-02 1.172936954142828232e-02 1.606434010956709138e-02 1.125230398396966265e-02 1.627646587303701459e-02 2.460226946302109322e-02 1.278432589978841655e-02 1.845151889260753311e-02 1.382097356575815068e-02 1.588872185290968880e-02 1.833786206284393136e-02
5.703814636095271007e-02 7.998000168662540432e-02 3.373782766731306393e-02 5.030141265153067337e-02 9.559071167910082600e-02 2.292682995800220114e-01 8.198303533654112407e-02 4.288148684849552722e-02 7.243390475046578014e-02 1.681642979641239932e-01 2.361274815699883345e-02 2.616328896634393178e-02 1.742309994388985261e-02 2.161969055279239910e-02 1.784323114269837848e-02 2.827002579542026856e-02 4.418584987819679233e-02 2.113365761444187599e-02 2.397020309816425346e-02 1.808272954878872157e-02 2.354382231495275035e-02 2.437230868915751109e-02
6.461484628682721831e-02 9.516160595586038717e-02 5.069424929430627058e-02 6.049082376793860072e-02 1.725402580413154807e-01 2.149546174496765050e-01 1.002556688752571368e-01 4.377664078863777869e-02 9.282560170884607276e-02 1.584266011239924277e-01 2.950680092636312132e-02 2.709321082787749177e-02 2.344707338733318519e-02 2.717604120150833233e-02 2.109123695953071462e-02 2.944565639142087549e-02 3.391555253622737659e-02 2.405631806085085922e-02 3.404583029825854201e-02 2.320029574374787504e-02 2.572401626728321178e-02 2.998493036378093238e-02
7.381386409572406049e-02 1.267103951554829910e-01 5.548152150890189871e-02 5.503240799955059354e-02 1.936148004977075732e-01 2.718136272412727816e-01 1.301063895550240157e-01 7.750720230423772950e-02 1.605367459581262812e-01 3.123836935173494589e-01 3.845234431978882678e-02 5.581829477256194244e-02 3.322897431856515482e-02 3.999639775225360266e-02 3.130897479499408081e-02 5.778722628938868372e-02 6.770930156498322638e-02 4.250198547880128241e-02 4.470335898398489910e-02 3.210253025477128458e-02 3.864084670190496423e-02 4.237585051841413070e-02
4.918554464784982011e-02 1.027670496635052777e-01 5.862800912534087139e-02 8.169130655942920261e-02 4.284523388310565450e-02 8.095772524958404215e-02 5.870312931295949832e-02 4.026287029833517522e-02 5.152332812666312462e-02 4.532940754896098989e-02 2.462832798372939502e-02 2.212985528315317835e-02 1.776094339536613345e-02 2.341351127563844753e-02 1.692675482263688788e-02 2.425333904256566503e-02 3.424822126782017806e-02 1.876168827266447986e-02 2.141659158920463518e-02 1.706735730307646498e-02 1.888227950724974749e-02 2.096273901844283166e-02
9.967565261125345411e-02 6.431396118118205829e-02 7.090930117144568501e-02 6.384789200485858907e-02 4.735307647136807740e-02 7.537687519660879465e-02 1.119595347815736663e-01 2.960939568035765579e-02 6.989976066747988215e-02 5.126074094712552986e-02 3.255715223392609270e-02 5.053156341809691282e-02 2.307144293190773951e-02 2.808890794577956554e-02 1.817968246688430808e-02 3.421176740256332699e-02 5.213446149993723744e-02 3.076100710882951131e-02 2.459850436384655725e-02 1.780807493615979564e-02 2.164309628121389995e-02 2.381194622672283545e-02
2.718136272412727816e-01 2.538000639018145321e-01 1.261260764627582798e-01 7.408062098212282731e-02 1.890657760313906866e-01 2.149546174496765050e-01 2.280299853445609815e-01 3.678103555687491089e-02 1.326569697251245850e-01 1.413819589199656890e-01 5.488260292531937923e-02 6.348438127802136233e-02 4.618560217962452974e-02 4.812660764125795826e-02 3.729783273635048357e-02 7.625057228714943180e-02 6.948148609613954974e-02 5.682305819552345427e-02 6.576709072591446770e-02 4.461906828296527405e-02 4.705400665687940048e-02 5.285898352757528035e-02
