3.620000000000000000e+02 3.810000000000000000e+02 5.000000000000000000e+02 4.790000000000000000e+02 5.310000000000000000e+02 1.950000000000000000e+02 5.850000000000000000e+02 5.620000000000000000e+02 3.960000000000000000e+02 3.390000000000000000e+02 9.000000000000000000e+01 3.100000000000000000e+01 1.060000000000000000e+02 3.200000000000000000e+01 6.700000000000000000e+01 1.800000000000000000e+01 3.100000000000000000e+01 4.300000000000000000e+01 1.700000000000000000e+01 4.200000000000000000e+01 2.000000000000000000e+01 3.400000000000000000e+01
2.530000000000000000e+02 3.450000000000000000e+02 4.610000000000000000e+02 4.120000000000000000e+02 4.250000000000000000e+02 2.130000000000000000e+02 3.490000000000000000e+02 7.770000000000000000e+02 5.190000000000000000e+02 3.860000000000000000e+02 7.500000000000000000e+01 2.100000000000000000e+01 4.400000000000000000e+01 3.000000000000000000e+01 4.900000000000000000e+01 1.900000000000000000e+01 2.200000000000000000e+01 8.000000000000000000e+00 4.100000000000000000e+01 8.700000000000000000e+01 3.400000000000000000e+01 1.200000000000000000e+01
3.900000000000000000e+02 5.270000000000000000e+02 7.470000000000000000e+02 6.940000000000000000e+02 6.010000000000000000e+02 1.930000000000000000e+02 5.170000000000000000e+02 1.062000000000000000e+03 7.330000000000000000e+02 5.560000000000000000e+02 1.650000000000000000e+02 2.100000000000000000e+01 1.630000000000000000e+02 8.200000000000000000e+01 1.670000000000000000e+02 2.600000000000000000e+01 2.800000000000000000e+01 5.200000000000000000e+01 6.700000000000000000e+01 1.410000000000000000e+02 7.500000000000000000e+01 7.000000000000000000e+01
3.780000000000000000e+02 4.070000000000000000e+02 6.850000000000000000e+02 7.330000000000000000e+02 5.470000000000000000e+02 1.970000000000000000e+02 2.720000000000000000e+02 1.166000000000000000e+03 6.680000000000000000e+02 3.860000000000000000e+02 8.600000000000000000e+01 2.200000000000000000e+01 1.270000000000000000e+02 6.100000000000000000e+01 1.280000000000000000e+02 8.000000000000000000e+00 8.000000000000000000e+00 2.400000000000000000e+01 5.300000000000000000e+01 8.000000000000000000e+01 1.000000000000000000e+01 2.000000000000000000e+00
4.380000000000000000e+02 3.900000000000000000e+02 5.820000000000000000e+02 5.420000000000000000e+02 5.570000000000000000e+02 2.240000000000000000e+02 4.650000000000000000e+02 8.380000000000000000e+02 4.750000000000000000e+02 4.910000000000000000e+02 5.000000000000000000e+01 7.800000000000000000e+01 8.500000000000000000e+01 5.100000000000000000e+01 1.610000000000000000e+02 4.400000000000000000e+01 5.800000000000000000e+01 7.100000000000000000e+01 3.800000000000000000e+01 9.700000000000000000e+01 3.400000000000000000e+01 6.200000000000000000e+01
1.900000000000000000e+02 2.350000000000000000e+02 2.470000000000000000e+02 2.350000000000000000e+02 3.340000000000000000e+02 2.270000000000000000e+02 2.920000000000000000e+02 4.750000000000000000e+02 3.290000000000000000e+02 3.200000000000000000e+02 0.000000000000000000e+00 2.700000000000000000e+01 8.000000000000000000e+00 6.000000000000000000e+00 7.000000000000000000e+00 3.000000000000000000e+00 9.000000000000000000e+00 1.800000000000000000e+01 5.000000000000000000e+00 1.100000000000000000e+01 7.000000000000000000e+00 4.000000000000000000e+00
7.050000000000000000e+02 7.050000000000000000e+02 8.420000000000000000e+02 4.500000000000000000e+02 6.780000000000000000e+02 4.050000000000000000e+02 7.310000000000000000e+02 8.710000000000000000e+02 6.240000000000000000e+02 5.580000000000000000e+02 6.400000000000000000e+01 1.030000000000000000e+02 8.300000000000000000e+01 3.700000000000000000e+01 4.100000000000000000e+01 3.900000000000000000e+01 3.600000000000000000e+01 6.300000000000000000e+01 2.400000000000000000e+01 7.500000000000000000e+01 1.400000000000000000e+01 1.200000000000000000e+01
4.120000000000000000e+02 9.260000000000000000e+02 1.256000000000000000e+03 1.359000000000000000e+03 8.820000000000000000e+02 4.640000000000000000e+02 6.360000000000000000e+02 2.715000000000000000e+03 1.156000000000000000e+03 9.490000000000000000e+02 1.470000000000000000e+02 2.500000000000000000e+01 1.050000000000000000e+02 7.400000000000000000e+01 9.200000000000000000e+01 5.000000000000000000e+00 2.400000000000000000e+01 2.700000000000000000e+01 1.560000000000000000e+02 2.470000000000000000e+02 1.000000000000000000e+02 2.800000000000000000e+01
3.020000000000000000e+02 5.430000000000000000e+02 8.360000000000000000e+02 7.070000000000000000e+02 5.350000000000000000e+02 2.630000000000000000e+02 3.270000000000000000e+02 1.195000000000000000e+03 7.960000000000000000e+02 6.810000000000000000e+02 2.000000000000000000e+01 2.700000000000000000e+01 3.900000000000000000e+01 2.500000000000000000e+01 7.400000000000000000e+01 6.000000000000000000e+00 1.000000000000000000e+01 1.900000000000000000e+01 5.200000000000000000e+01 8.000000000000000000e+01 6.500000000000000000e+01 2.900000000000000000e+01
3.390000000000000000e+02 4.060000000000000000e+02 5.010000000000000000e+02 4.360000000000000000e+02 5.220000000000000000e+02 3.500000000000000000e+02 3.800000000000000000e+02 1.024000000000000000e+03 6.610000000000000000e+02 6.070000000000000000e+02 7.000000000000000000e+00 3.900000000000000000e+01 6.000000000000000000e+00 1.400000000000000000e+01 1.400000000000000000e+01 2.800000000000000000e+01 3.600000000000000000e+01 2.200000000000000000e+01 4.300000000000000000e+01 3.000000000000000000e+01 4.600000000000000000e+01 3.700000000000000000e+01
1.090000000000000000e+02 7.700000000000000000e+01 1.830000000000000000e+02 1.050000000000000000e+02 4.500000000000000000e+01 5.000000000000000000e+00 7.600000000000000000e+01 1.360000000000000000e+02 2.900000000000000000e+01 1.900000000000000000e+01 8.770000000000000000e+02 5.990000000000000000e+02 9.870000000000000000e+02 4.810000000000000000e+02 1.105000000000000000e+03 5.460000000000000000e+02 2.560000000000000000e+02 8.030000000000000000e+02 3.920000000000000000e+02 6.120000000000000000e+02 5.030000000000000000e+02 3.330000000000000000e+02
5.500000000000000000e+01 3.200000000000000000e+01 3.900000000000000000e+01 3.200000000000000000e+01 5.900000000000000000e+01 2.800000000000000000e+01 1.070000000000000000e+02 2.500000000000000000e+01 2.100000000000000000e+01 4.000000000000000000e+01 6.370000000000000000e+02 5.140000000000000000e+02 1.000000000000000000e+03 4.110000000000000000e+02 7.750000000000000000e+02 5.150000000000000000e+02 2.720000000000000000e+02 9.530000000000000000e+02 3.430000000000000000e+02 5.120000000000000000e+02 5.570000000000000000e+02 3.390000000000000000e+02
1.270000000000000000e+02 4.900000000000000000e+01 1.840000000000000000e+02 1.520000000000000000e+02 8.000000000000000000e+01 8.000000000000000000e+00 8.400000000000000000e+01 1.010000000000000000e+02 7.500000000000000000e+01 3.600000000000000000e+01 8.980000000000000000e+02 5.870000000000000000e+02 9.810000000000000000e+02 6.380000000000000000e+02 1.345000000000000000e+03 4.300000000000000000e+02 2.140000000000000000e+02 6.120000000000000000e+02 5.610000000000000000e+02 1.003000000000000000e+03 7.120000000000000000e+02 5.050000000000000000e+02
2.000000000000000000e+01 4.100000000000000000e+01 5.800000000000000000e+01 7.300000000000000000e+01 3.100000000000000000e+01 9.000000000000000000e+00 2.200000000000000000e+01 5.200000000000000000e+01 2.500000000000000000e+01 1.100000000000000000e+01 4.410000000000000000e+02 3.000000000000000000e+02 6.820000000000000000e+02 4.700000000000000000e+02 8.360000000000000000e+02 2.660000000000000000e+02 1.360000000000000000e+02 3.620000000000000000e+02 4.160000000000000000e+02 5.730000000000000000e+02 4.680000000000000000e+02 3.550000000000000000e+02
1.000000000000000000e+02 5.800000000000000000e+01 1.650000000000000000e+02 1.730000000000000000e+02 1.090000000000000000e+02 9.000000000000000000e+00 8.400000000000000000e+01 9.200000000000000000e+01 8.800000000000000000e+01 3.700000000000000000e+01 1.131000000000000000e+03 5.010000000000000000e+02 1.327000000000000000e+03 9.140000000000000000e+02 1.892000000000000000e+03 5.280000000000000000e+02 1.990000000000000000e+02 9.230000000000000000e+02 7.240000000000000000e+02 1.361000000000000000e+03 8.280000000000000000e+02 7.540000000000000000e+02
4.900000000000000000e+01 2.700000000000000000e+01 2.600000000000000000e+01 4.400000000000000000e+01 4.100000000000000000e+01 3.000000000000000000e+00 8.200000000000000000e+01 2.100000000000000000e+01 1.900000000000000000e+01 3.500000000000000000e+01 7.040000000000000000e+02 5.000000000000000000e+02 7.640000000000000000e+02 5.370000000000000000e+02 8.600000000000000000e+02 5.910000000000000000e+02 2.140000000000000000e+02 7.430000000000000000e+02 2.650000000000000000e+02 4.310000000000000000e+02 5.480000000000000000e+02 3.710000000000000000e+02
4.200000000000000000e+01 2.200000000000000000e+01 4.400000000000000000e+01 2.900000000000000000e+01 5.600000000000000000e+01 9.000000000000000000e+00 1.340000000000000000e+02 3.100000000000000000e+01 2.600000000000000000e+01 5.600000000000000000e+01 2.260000000000000000e+02 2.160000000000000000e+02 3.430000000000000000e+02 2.490000000000000000e+02 3.390000000000000000e+02 1.990000000000000000e+02 1.380000000000000000e+02 2.950000000000000000e+02 2.120000000000000000e+02 3.490000000000000000e+02 3.420000000000000000e+02 3.030000000000000000e+02
5.200000000000000000e+01 1.500000000000000000e+01 5.800000000000000000e+01 4.400000000000000000e+01 3.600000000000000000e+01 1.500000000000000000e+01 6.800000000000000000e+01 3.800000000000000000e+01 3.500000000000000000e+01 3.200000000000000000e+01 8.470000000000000000e+02 7.740000000000000000e+02 9.340000000000000000e+02 4.840000000000000000e+02 1.100000000000000000e+03 5.870000000000000000e+02 2.820000000000000000e+02 9.660000000000000000e+02 4.320000000000000000e+02 6.850000000000000000e+02 6.380000000000000000e+02 3.540000000000000000e+02
1.200000000000000000e+01 4.100000000000000000e+01 5.900000000000000000e+01 3.900000000000000000e+01 1.700000000000000000e+01 3.000000000000000000e+00 2.300000000000000000e+01 1.140000000000000000e+02 4.400000000000000000e+01 5.900000000000000000e+01 2.650000000000000000e+02 2.050000000000000000e+02 5.280000000000000000e+02 4.730000000000000000e+02 7.460000000000000000e+02 1.930000000000000000e+02 1.150000000000000000e+02 2.790000000000000000e+02 3.720000000000000000e+02 7.820000000000000000e+02 4.040000000000000000e+02 4.060000000000000000e+02
6.900000000000000000e+01 9.600000000000000000e+01 1.680000000000000000e+02 7.200000000000000000e+01 7.400000000000000000e+01 1.400000000000000000e+01 9.300000000000000000e+01 1.830000000000000000e+02 6.400000000000000000e+01 4.200000000000000000e+01 5.560000000000000000e+02 3.360000000000000000e+02 1.002000000000000000e+03 6.270000000000000000e+02 1.406000000000000000e+03 4.100000000000000000e+02 2.210000000000000000e+02 5.030000000000000000e+02 7.320000000000000000e+02 9.820000000000000000e+02 6.770000000000000000e+02 6.170000000000000000e+02
3.200000000000000000e+01 3.400000000000000000e+01 7.300000000000000000e+01 3.900000000000000000e+01 3.800000000000000000e+01 7.000000000000000000e+00 3.800000000000000000e+01 1.030000000000000000e+02 6.700000000000000000e+01 6.000000000000000000e+01 4.990000000000000000e+02 3.690000000000000000e+02 7.070000000000000000e+02 5.260000000000000000e+02 8.890000000000000000e+02 3.560000000000000000e+02 2.010000000000000000e+02 4.530000000000000000e+02 4.560000000000000000e+02 7.190000000000000000e+02 5.260000000000000000e+02 5.150000000000000000e+02
4.300000000000000000e+01 1.800000000000000000e+01 9.200000000000000000e+01 7.300000000000000000e+01 3.000000000000000000e+01 5.000000000000000000e+00 3.600000000000000000e+01 6.500000000000000000e+01 3.500000000000000000e+01 6.000000000000000000e+01 3.320000000000000000e+02 3.070000000000000000e+02 5.550000000000000000e+02 5.050000000000000000e+02 7.300000000000000000e+02 2.840000000000000000e+02 1.740000000000000000e+02 3.410000000000000000e+02 4.690000000000000000e+02 6.690000000000000000e+02 4.610000000000000000e+02 3.930000000000000000e+02
