5.110497237569060491e-01 3.228346456692913202e-01 3.679999999999999938e-01 3.256784968684759973e-01 5.028248587570621764e-01 2.769230769230769384e-01 4.170940170940171110e-01 2.882562277580071330e-01 2.626262626262626521e-01 3.008849557522124130e-01 2.000000000000000111e-01 nan 1.132075471698113234e-01 nan 1.641791044776119424e-01 nan nan nan nan nan nan nan
3.359683794466403195e-01 6.782608695652173614e-01 5.075921908893709089e-01 5.194174757281553312e-01 4.611764705882352988e-01 5.117370892018778816e-01 3.753581661891117749e-01 4.195624195624195751e-01 5.009633911368015502e-01 4.766839378238341696e-01 nan nan nan nan nan nan nan nan nan 2.183908045977011603e-01 nan nan
4.538461538461538436e-01 5.161290322580645018e-01 6.787148594377510058e-01 5.345821325648415501e-01 4.975041597337770405e-01 4.300518134715025642e-01 3.733075435203094816e-01 4.322033898305084887e-01 4.051841746248294740e-01 3.525179856115107646e-01 2.484848484848484751e-01 nan 3.558282208588957052e-01 1.951219512195122019e-01 2.994011976047903922e-01 nan nan 3.269230769230769273e-01 3.283582089552238847e-01 1.205673758865248163e-01 2.399999999999999911e-01 1.714285714285714302e-01
3.253968253968254065e-01 6.437346437346437300e-01 5.459854014598539695e-01 7.503410641200545239e-01 3.930530164533820869e-01 4.974619289340101447e-01 2.867647058823529216e-01 5.094339622641509413e-01 5.209580838323353280e-01 4.300518134715025642e-01 1.162790697674418589e-01 nan 3.228346456692913202e-01 3.606557377049180446e-01 5.312500000000000000e-01 nan nan nan 3.207547169811320598e-01 2.999999999999999889e-01 nan nan
5.273972602739726012e-01 5.333333333333333259e-01 4.776632302405498520e-01 4.963099630996309908e-01 7.055655296229802476e-01 4.687500000000000000e-01 5.612903225806451513e-01 3.699284009546539576e-01 4.273684210526315641e-01 3.767820773930753431e-01 1.400000000000000133e-01 3.974358974358974117e-01 1.529411764705882470e-01 7.843137254901960675e-02 1.552795031055900499e-01 nan 5.689655172413793371e-01 3.943661971830985657e-01 nan 1.546391752577319645e-01 nan 6.451612903225806273e-02
4.000000000000000222e-01 4.127659574468084958e-01 3.562753036437246723e-01 5.191489361702127381e-01 3.862275449101796321e-01 5.110132158590308116e-01 3.561643835616438158e-01 3.705263157894737036e-01 4.376899696048632271e-01 3.656249999999999778e-01 nan nan nan nan nan nan nan nan nan nan nan nan
4.141843971631205545e-01 3.219858156028369001e-01 3.729216152019002584e-01 3.044444444444444620e-01 4.719764011799409964e-01 4.345679012345678993e-01 5.512995896032831800e-01 3.237657864523535989e-01 2.884615384615384359e-01 2.831541218637992907e-01 1.406250000000000000e-01 4.174757281553397870e-01 nan nan nan nan nan 3.650793650793650591e-01 nan 1.600000000000000033e-01 nan nan
2.548543689320388328e-01 4.287257019438445171e-01 3.335987261146496907e-01 4.900662251655629187e-01 3.548752834467120421e-01 3.491379310344827624e-01 2.893081761006289221e-01 5.889502762430939287e-01 5.847750865051902780e-01 5.637513171759747088e-01 1.768707482993197300e-01 nan 1.809523809523809479e-01 2.297297297297297425e-01 3.369565217391304324e-01 nan nan nan 4.551282051282051211e-01 4.372469635627530549e-01 3.400000000000000244e-01 nan
2.682119205298013065e-01 4.843462246777163749e-01 4.318181818181818232e-01 5.374823196605374998e-01 3.495327102803738595e-01 4.600760456273764176e-01 3.027522935779816682e-01 5.782426778242677479e-01 6.595477386934673891e-01 6.049926578560940182e-01 nan nan nan nan 4.459459459459459429e-01 nan nan nan 4.230769230769230727e-01 4.625000000000000222e-01 6.307692307692307487e-01 nan
2.890855457227138881e-01 4.605911330049261010e-01 3.313373253493013815e-01 4.587155963302752548e-01 3.352490421455938674e-01 3.085714285714285521e-01 2.868421052631578982e-01 5.361328125000000000e-01 6.535552193645990382e-01 6.540362438220758134e-01 nan nan nan nan nan nan nan nan nan nan nan nan
1.376146788990825764e-01 2.337662337662337608e-01 1.639344262295081844e-01 7.619047619047619735e-02 nan nan 1.184210526315789408e-01 2.573529411764705621e-01 nan nan 6.294184720638540398e-01 3.772954924874791227e-01 5.238095238095238360e-01 3.783783783783783994e-01 4.108597285067873139e-01 3.113553113553113594e-01 5.820312500000000000e-01 5.242839352428393385e-01 3.852040816326530726e-01 3.807189542483659928e-01 4.194831013916501261e-01 2.582582582582582664e-01
5.636363636363636020e-01 nan nan nan 3.898305084745762872e-01 nan 4.672897196261682207e-01 nan nan nan 3.830455259026687709e-01 6.167315175097276558e-01 2.979999999999999871e-01 2.360097323600973129e-01 3.264516129032258296e-01 5.359223300970873405e-01 4.485294117647058987e-01 4.039874081846799303e-01 1.865889212827988308e-01 2.128906250000000000e-01 2.890484739676840165e-01 2.831858407079645978e-01
1.259842519685039353e-01 nan 3.750000000000000000e-01 1.973684210526315819e-01 2.000000000000000111e-01 nan 1.904761904761904656e-01 2.970297029702970160e-01 3.333333333333333148e-01 nan 4.977728285077950843e-01 3.526405451448040851e-01 7.054026503567788486e-01 4.639498432601880662e-01 5.182156133828996758e-01 3.023255813953488191e-01 3.738317757009345654e-01 4.428104575163398504e-01 4.010695187165775333e-01 3.529411764705882582e-01 3.202247191011236005e-01 2.772277227722772519e-01
nan nan 1.034482758620689641e-01 6.849315068493150305e-02 nan nan nan 1.923076923076923184e-01 nan nan 3.356009070294784791e-01 2.533333333333333548e-01 4.193548387096774355e-01 6.234042553191488922e-01 5.083732057416268102e-01 5.000000000000000000e-01 5.955882352941176405e-01 4.723756906077348217e-01 4.783653846153846367e-01 5.043630017452006564e-01 5.042735042735042583e-01 4.225352112676056260e-01
nan 3.620689655172413812e-01 2.787878787878788067e-01 5.086705202312138407e-01 1.284403669724770714e-01 nan 1.547619047619047672e-01 2.173913043478260809e-01 2.272727272727272652e-01 nan 2.670203359858532299e-01 2.674650698602794585e-01 4.114544084400904023e-01 4.781181619256017479e-01 5.914376321353065347e-01 3.295454545454545303e-01 2.964824120603015145e-01 3.911159263271939412e-01 4.198895027624309217e-01 4.033798677443056757e-01 4.070048309178743717e-01 3.103448275862069061e-01
nan nan nan nan nan nan 5.609756097560976151e-01 nan nan nan 3.096590909090908839e-01 5.260000000000000231e-01 3.154450261780104570e-01 3.612662942271880895e-01 3.534883720930232509e-01 7.021996615905244932e-01 5.373831775700934621e-01 4.602960969044414541e-01 3.509433962264150719e-01 4.176334106728538109e-01 4.598540145985401395e-01 4.285714285714285476e-01
nan nan nan nan 6.071428571428570953e-01 nan 2.313432835820895539e-01 nan nan 4.642857142857143016e-01 4.380530973451327581e-01 4.166666666666666852e-01 3.556851311953352912e-01 4.698795180722891707e-01 4.100294985250737545e-01 5.025125628140703071e-01 7.318840579710145233e-01 4.101694915254237017e-01 3.490566037735848837e-01 3.982808022922635915e-01 4.590643274853801192e-01 4.917491749174917604e-01
2.884615384615384359e-01 nan 2.068965517241379282e-01 nan nan nan 5.735294117647058432e-01 nan nan nan 4.427390791027154826e-01 4.987080103359173289e-01 3.650963597430406660e-01 3.842975206611570216e-01 3.918181818181818432e-01 4.991482112436115837e-01 4.645390070921985859e-01 6.532091097308488914e-01 2.222222222222222099e-01 2.744525547445255675e-01 3.228840125391849725e-01 2.627118644067796827e-01
nan nan 4.576271186440677985e-01 nan nan nan nan 7.280701754385965341e-01 nan 3.050847457627118842e-01 3.358490566037735658e-01 3.170731707317073211e-01 4.109848484848485084e-01 4.968287526427061507e-01 4.034852546916889993e-01 3.212435233160621517e-01 4.782608695652174058e-01 2.401433691756272304e-01 6.424731182795698770e-01 6.265984654731457937e-01 5.742574257425742124e-01 5.098522167487684609e-01
1.884057971014492794e-01 2.187500000000000000e-01 2.142857142857142738e-01 2.916666666666666852e-01 3.108108108108108003e-01 nan 1.397849462365591267e-01 6.174863387978142271e-01 5.468750000000000000e-01 nan 3.417266187050359560e-01 2.589285714285714524e-01 3.343313373253493093e-01 4.992025518341307588e-01 4.238975817923186229e-01 3.658536585365853577e-01 4.208144796380090535e-01 2.882703777335984263e-01 6.571038251366120297e-01 6.486761710794297642e-01 6.159527326440177308e-01 4.716369529983792663e-01
nan nan 2.739726027397260122e-01 nan nan nan nan 3.689320388349514590e-01 5.373134328358208922e-01 3.666666666666666408e-01 3.967935871743487053e-01 3.143631436314363037e-01 3.224893917963224665e-01 5.323193916349809873e-01 4.409448818897637734e-01 4.971910112359550493e-01 5.124378109452736307e-01 3.156732891832229604e-01 5.964912280701754055e-01 5.591098748261473794e-01 6.901140684410645987e-01 6.524271844660194386e-01
nan nan 1.847826086956521618e-01 nan nan nan nan 1.384615384615384692e-01 nan 3.166666666666666519e-01 1.746987951807228989e-01 3.127035830618892231e-01 2.594594594594594739e-01 4.475247524752475337e-01 3.397260273972602662e-01 4.577464788732394374e-01 5.172413793103448620e-01 2.580645161290322509e-01 4.456289978678038555e-01 4.439461883408071796e-01 7.093275488069413770e-01 6.768447837150127766e-01
