nan nan nan nan nan nan nan nan nan nan nan nan nan nan nan nan nan nan nan nan nan nan
nan nan nan nan nan nan nan nan 1.046511627906976799e-01 1.477272727272727348e-01 nan nan nan nan nan nan nan nan nan nan nan nan
nan nan nan nan nan nan nan 1.718061674008810602e-01 1.807909604519774005e-01 1.148325358851674666e-01 nan nan nan nan nan nan nan nan nan nan nan nan
nan nan nan nan nan nan nan nan nan nan nan nan nan nan nan nan nan nan nan nan nan nan
nan 1.359223300970873738e-01 1.020408163265306145e-01 9.848484848484848064e-02 1.562500000000000000e-01 nan 3.814432989690721421e-01 4.171539961013644993e-01 2.772861356932153631e-01 3.834808259587020873e-01 nan nan nan nan nan nan nan nan nan nan nan nan
2.264150943396226467e-01 1.478873239436619691e-01 1.268011527377521652e-01 1.472392638036809920e-01 1.327800829875518673e-01 nan 1.875000000000000000e-01 3.311475409836065475e-01 2.677419354838709853e-01 2.190082644628099096e-01 nan nan nan nan nan nan nan nan nan nan nan nan
1.764705882352941291e-01 1.197604790419161680e-01 1.431767337807606233e-01 2.690909090909091028e-01 1.206030150753768793e-01 9.473684210526316096e-02 2.520325203252032353e-01 2.456445993031358965e-01 1.734104046242774533e-01 2.159709618874773029e-01 nan nan nan nan 1.081081081081081141e-01 nan nan nan nan 8.333333333333332871e-02 nan nan
1.851851851851851749e-01 1.407766990291262066e-01 1.633554083885209729e-01 1.833333333333333204e-01 2.500000000000000000e-01 2.717391304347825942e-01 1.297709923664122078e-01 2.339285714285714302e-01 2.129186602870813405e-01 2.244897959183673464e-01 nan nan nan nan 1.343283582089552231e-01 nan nan nan 9.090909090909091161e-02 8.602150537634409289e-02 nan nan
1.694444444444444531e-01 1.504524886877827983e-01 1.365894039735099375e-01 1.447253705318221340e-01 2.438070404172099082e-01 1.911357340720221676e-01 1.269230769230769162e-01 2.598221967307141056e-01 2.057063966866083671e-01 1.922645739910313900e-01 1.551724137931034531e-01 2.372881355932203451e-01 1.196581196581196632e-01 9.302325581395348708e-02 1.279069767441860517e-01 1.153846153846153910e-01 nan 1.454545454545454475e-01 1.091703056768558999e-01 9.649122807017543324e-02 1.098039215686274495e-01 1.476510067114094049e-01
nan 9.876543209876542662e-02 9.259259259259258745e-02 1.134020618556701027e-01 1.964285714285714246e-01 nan nan 2.053571428571428492e-01 1.640378548895899125e-01 1.428571428571428492e-01 nan nan nan nan nan nan nan nan nan nan nan nan
1.298245614035087592e-01 2.667364016736401555e-01 1.491076568796776136e-01 1.487443657437218236e-01 2.195704057279236343e-01 2.323420074349442366e-01 1.789215686274509831e-01 3.388110198163363784e-01 3.016949152542373058e-01 3.151207115628970601e-01 1.269841269841269771e-01 1.176470588235294101e-01 1.111111111111111049e-01 1.341463414634146423e-01 8.910891089108910479e-02 1.285714285714285587e-01 1.466666666666666674e-01 2.166666666666666741e-01 2.244897959183673464e-01 1.924882629107981247e-01 2.111801242236024945e-01 9.848484848484848064e-02
1.875000000000000000e-01 1.304347826086956486e-01 1.281138790035587227e-01 1.766784452296819852e-01 1.481481481481481399e-01 9.677419354838709409e-02 1.355932203389830504e-01 3.054054054054053946e-01 3.018372703412073310e-01 2.529069767441860517e-01 nan nan nan nan nan nan nan nan nan nan nan 7.547169811320754429e-02
1.818181818181818232e-01 3.509933774834437248e-01 2.065217391304347838e-01 1.658031088082901616e-01 2.937500000000000111e-01 2.911392405063291111e-01 3.384615384615384803e-01 3.711864406779660785e-01 3.848314606741572996e-01 3.269754768392370559e-01 nan nan nan nan nan nan nan nan nan nan nan nan
2.622950819672131284e-01 2.783505154639175361e-01 2.524271844660194164e-01 1.621621621621621712e-01 3.625498007968127601e-01 2.564102564102563875e-01 3.473684210526316041e-01 3.922413793103448065e-01 2.574257425742574323e-01 2.515527950310558758e-01 nan nan nan nan nan nan nan nan nan nan nan nan
1.271562345983242859e-01 1.915184678522571793e-01 1.406250000000000000e-01 2.312824314306894113e-01 1.739707835325365326e-01 1.943597560975609817e-01 1.809847198641765798e-01 2.182269063856168700e-01 2.648401826484018118e-01 2.736724842183438366e-01 8.264462809917355601e-02 2.019230769230769273e-01 8.620689655172414367e-02 1.111111111111111049e-01 1.946308724832214732e-01 1.864406779661016977e-01 1.451612903225806550e-01 7.692307692307692735e-02 8.163265306122448328e-02 1.054852320675105509e-01 1.776315789473684181e-01 1.764705882352941291e-01
2.845953002610965843e-01 1.882845188284518745e-01 3.472668810289389341e-01 1.980676328502415373e-01 2.457627118644067910e-01 2.060301507537688481e-01 2.084033613445378241e-01 1.479591836734693855e-01 1.602708803611738175e-01 1.630434782608695676e-01 nan nan nan nan nan nan nan nan nan nan nan nan
2.056892778993435478e-01 2.109704641350211018e-01 1.739130434782608647e-01 1.892744479495268028e-01 2.126245847176079784e-01 2.232142857142857262e-01 1.884057971014492794e-01 1.764705882352941291e-01 2.051886792452830288e-01 1.739130434782608647e-01 nan nan nan nan nan nan nan nan nan nan nan nan
2.043956043956043911e-01 2.649006622516556497e-01 3.029850746268656914e-01 3.348416289592759942e-01 3.379694019471488065e-01 2.357954545454545581e-01 2.316890881913303557e-01 3.711583924349881602e-01 3.663826491092176396e-01 4.037526059763724695e-01 nan nan nan nan nan nan nan nan nan nan nan nan
4.761904761904761640e-01 3.553921568627451122e-01 4.202127659574468321e-01 3.358547655068078730e-01 3.697632058287795842e-01 3.931623931623931534e-01 3.012345679012345956e-01 3.152173913043478382e-01 4.446308724832214732e-01 3.759036144578313254e-01 1.544715447154471621e-01 2.374999999999999889e-01 8.860759493670886111e-02 nan 1.386138613861386260e-01 nan nan nan nan 1.486486486486486569e-01 nan nan
3.727272727272727404e-01 1.730769230769230727e-01 4.202898550724637472e-01 3.333333333333333148e-01 3.191489361702127825e-01 nan 2.303030303030303150e-01 2.184873949579831942e-01 9.504132231404958941e-02 1.630434782608695676e-01 nan nan nan nan nan nan nan nan nan nan nan nan
4.435146443514644266e-01 3.217158176943699655e-01 3.177419354838709742e-01 3.119266055045871733e-01 3.407917383820998070e-01 2.764976958525345863e-01 3.315436241610738022e-01 2.080745341614906874e-01 2.440191387559808578e-01 2.060857538035961167e-01 1.039999999999999952e-01 1.875000000000000000e-01 1.074380165289256228e-01 1.060606060606060635e-01 8.771929824561403022e-02 3.333333333333333148e-01 2.777777777777777901e-01 nan nan 1.714285714285714302e-01 1.803278688524590223e-01 nan
2.106430155210642918e-01 1.959595959595959724e-01 2.814207650273223837e-01 2.214285714285714191e-01 2.155771905424200274e-01 1.000000000000000056e-01 1.462140992167101916e-01 2.523744911804613467e-01 2.542857142857142816e-01 1.309297912713472400e-01 7.000000000000000666e-02 9.433962264150944077e-02 1.759259259259259300e-01 1.030927835051546337e-01 9.909909909909909997e-02 nan 1.607142857142857262e-01 6.140350877192982115e-02 nan 2.212389380530973559e-01 nan nan
2.258669165885660857e-01 1.312154696132596665e-01 1.581027667984189755e-01 2.280701754385964786e-01 1.563318777292576345e-01 1.180285343709468193e-01 1.900928792569659409e-01 1.503208065994500464e-01 1.458937198067632723e-01 1.375968992248061962e-01 nan nan nan nan nan nan nan nan nan nan nan nan
4.453531598513011391e-01 3.955719557195572222e-01 4.066785927251043709e-01 4.278807413376309321e-01 5.297432686286788206e-01 4.635535307517084092e-01 5.107095046854083220e-01 3.504587155963302947e-01 3.712491277041172211e-01 3.326086956521739357e-01 1.403508771929824483e-01 4.334975369458128336e-01 1.022727272727272790e-01 1.170212765957446832e-01 1.435406698564593297e-01 5.647058823529411686e-01 5.339805825242718296e-01 4.161073825503355805e-01 1.739130434782608647e-01 1.630434782608695676e-01 1.754385964912280604e-01 6.410256410256409687e-02
nan nan nan nan nan nan nan nan nan nan nan nan nan nan nan nan nan nan nan nan nan nan
2.801251956181533553e-01 4.800838574423479943e-01 3.905899925317400934e-01 5.075885328836424737e-01 3.442776735459662230e-01 3.772357723577235977e-01 2.967651195499296790e-01 5.595555555555555838e-01 6.601218686526743040e-01 6.340523882896764718e-01 nan 3.787878787878787845e-01 nan nan 4.090909090909091161e-01 nan nan nan 3.368421052631578871e-01 4.454545454545454364e-01 5.135135135135134865e-01 4.090909090909091161e-01
2.548543689320388328e-01 4.279569892473118475e-01 3.333333333333333148e-01 4.893617021276595591e-01 3.548752834467120421e-01 3.491379310344827624e-01 2.893081761006289221e-01 5.881921525485881430e-01 5.809768637532133351e-01 5.627615062761506248e-01 1.768707482993197300e-01 nan 1.809523809523809479e-01 2.297297297297297425e-01 3.369565217391304324e-01 nan nan nan 4.551282051282051211e-01 4.372469635627530549e-01 3.400000000000000244e-01 nan
2.101044449842117967e-01 2.134426229508196715e-01 1.839622641509433831e-01 2.473476811154895483e-01 2.219755826859045600e-01 2.655586987270155408e-01 2.511194698190936658e-01 2.689575417148521441e-01 2.951039570757880703e-01 3.016706443914081159e-01 1.002710027100271045e-01 2.723735408560311044e-01 8.333333333333332871e-02 1.078431372549019662e-01 1.280991735537189979e-01 3.645833333333333148e-01 1.812499999999999944e-01 1.121076233183856546e-01 1.302931596091205235e-01 1.454545454545454475e-01 2.275862068965517349e-01 2.603550295857988139e-01
3.233270794246403956e-01 5.137795275590550936e-01 5.548387096774193283e-01 5.989104528430371222e-01 3.867743175701653380e-01 3.805888767720828625e-01 2.987697715289982514e-01 4.433923425277891961e-01 4.225397856446898581e-01 3.458781362007168347e-01 1.955307262569832283e-01 2.727272727272727071e-01 3.054187192118226757e-01 2.408163265306122458e-01 3.909090909090909283e-01 1.898734177215190000e-01 2.032520325203251987e-01 2.416666666666666685e-01 3.577981651376146988e-01 2.150259067357512821e-01 2.222222222222222099e-01 1.666666666666666574e-01
4.348837209302325313e-01 3.129770992366412430e-01 4.082882034377207647e-01 3.220738413197172245e-01 3.651885226464310907e-01 2.945041816009558167e-01 3.617419182473951556e-01 3.057425742574257366e-01 3.089311859443630848e-01 2.959435626102292494e-01 1.469387755102040949e-01 3.485193621867881397e-01 1.598173515981735071e-01 1.044776119402985037e-01 1.466049382716049510e-01 3.516483516483516758e-01 2.758620689655172376e-01 2.006172839506172867e-01 1.902173913043478382e-01 1.653944020356234168e-01 1.390728476821191939e-01 1.242603550295857950e-01
2.234726688102893766e-01 3.102678571428571508e-01 2.975460122699386534e-01 4.516706443914081381e-01 2.564543889845094515e-01 2.493297587131367288e-01 1.348484848484848564e-01 4.919250645994832083e-01 4.302147239263803824e-01 3.039513677811550019e-01 1.794871794871794879e-01 1.333333333333333315e-01 1.125827814569536484e-01 1.369863013698630061e-01 1.818181818181818232e-01 1.320754716981132060e-01 nan 1.359223300970873738e-01 4.468085106382978511e-01 2.631578947368420907e-01 2.857142857142856984e-01 nan
2.324929971988795585e-01 2.205128205128205066e-01 2.565320665083135609e-01 2.034715525554484095e-01 1.430575035063113565e-01 1.526479750778816091e-01 1.159793814432989734e-01 2.675749318801090015e-01 2.131661442006269613e-01 1.581196581196581130e-01 1.739130434782608647e-01 nan 9.649122807017543324e-02 1.785714285714285754e-01 1.299435028248587531e-01 nan nan 1.176470588235294101e-01 2.446808510638297796e-01 1.204819277108433728e-01 nan nan
1.543209876543209791e-01 2.935779816513761631e-01 2.756598240469207983e-01 4.672489082969432106e-01 3.218390804597701105e-01 2.471910112359550493e-01 1.290322580645161255e-01 5.100401606425702949e-01 4.005102040816326259e-01 3.715415019762846049e-01 nan nan nan nan nan nan nan nan nan 2.037037037037036924e-01 nan nan
1.937799043062201076e-01 2.903508771929824706e-01 2.307692307692307820e-01 2.909836065573770392e-01 2.204940530649588393e-01 2.496350364963503543e-01 1.590341382181515439e-01 4.287472311100172240e-01 5.046511627906976605e-01 4.661846022968949566e-01 1.304347826086956486e-01 1.333333333333333315e-01 1.615384615384615474e-01 1.083333333333333370e-01 2.616279069767442067e-01 1.818181818181818232e-01 1.142857142857142821e-01 9.615384615384615918e-02 2.794117647058823595e-01 1.743119266055045968e-01 3.216216216216216117e-01 1.526104417670682833e-01
1.278538812785388057e-01 1.430948419301164842e-01 1.795366795366795387e-01 1.425091352009744128e-01 1.603927986906710235e-01 1.292517006802721136e-01 1.299093655589123875e-01 2.033824804856894930e-01 1.472754050073637744e-01 1.462418300653594849e-01 5.882352941176470507e-02 nan 8.333333333333332871e-02 nan 1.273408239700374589e-01 nan nan nan 8.433734939759035543e-02 1.115384615384615447e-01 1.572327044025157161e-01 6.976744186046511531e-02
1.199999999999999956e-01 2.415730337078651757e-01 1.024258760107816663e-01 1.924050632911392389e-01 1.382113821138211407e-01 1.011235955056179747e-01 nan 3.470437017994858486e-01 3.098859315589353458e-01 2.933673469387755306e-01 1.267605633802816878e-01 nan nan nan 1.194029850746268634e-01 nan nan nan 1.509433962264150886e-01 1.232876712328767055e-01 1.285714285714285587e-01 nan
nan nan nan nan nan nan nan nan nan nan nan nan nan nan nan nan nan nan nan nan nan nan
nan nan nan nan nan nan nan nan nan nan nan nan nan nan 1.499999999999999944e-01 nan nan nan nan 2.278481012658227778e-01 nan nan
nan nan nan nan nan nan nan nan nan nan nan nan nan nan 1.379310344827586188e-01 2.236842105263157909e-01 nan nan 1.884057971014492794e-01 1.048387096774193589e-01 1.504424778761062065e-01 1.375000000000000111e-01
nan nan nan nan nan nan nan nan nan nan nan nan nan nan nan nan nan nan nan 1.408450704225352179e-01 nan nan
nan nan nan nan nan nan nan nan nan nan 2.380952380952380820e-01 1.981132075471698228e-01 2.706766917293232932e-01 2.659574468085106336e-01 1.585903083700440641e-01 2.844827586206896686e-01 nan 1.864406779661016977e-01 4.615384615384615641e-01 3.551020408163265141e-01 3.377192982456140302e-01 3.375000000000000222e-01
nan nan nan nan nan nan nan 1.640625000000000000e-01 1.269841269841269771e-01 nan 1.854838709677419373e-01 1.111111111111111049e-01 9.652509652509652649e-02 2.023809523809523836e-01 1.661807580174927135e-01 nan nan 1.149425287356321823e-01 3.491379310344827624e-01 3.284023668639053373e-01 2.369668246445497672e-01 2.297297297297297425e-01
nan nan nan nan nan nan nan 1.052631578947368363e-01 nan nan 1.034482758620689641e-01 1.705426356589147263e-01 1.108490566037735880e-01 2.080745341614906874e-01 1.121134020618556743e-01 1.813186813186813129e-01 1.428571428571428492e-01 9.333333333333333759e-02 2.198391420911528227e-01 2.281879194630872520e-01 1.969949916527545808e-01 2.169576059850374106e-01
nan nan 2.500000000000000000e-01 1.250000000000000000e-01 1.935483870967741882e-01 nan nan 1.021505376344086086e-01 9.090909090909091161e-02 nan 1.732954545454545581e-01 1.202185792349726723e-01 1.537290715372907068e-01 1.495901639344262291e-01 1.125886524822694995e-01 2.023809523809523836e-01 8.593750000000000000e-02 1.057401812688821691e-01 1.933085501858736177e-01 2.015503875968992220e-01 1.573875802997858619e-01 2.045060658578856105e-01
1.071428571428571369e-01 9.900990099009901457e-02 1.081081081081081141e-01 1.288343558282208645e-01 6.748466257668711554e-02 nan nan 1.039697542533081220e-01 1.363636363636363535e-01 1.086956521739130405e-01 1.773858921161825808e-01 1.049250535331905793e-01 1.660206718346253218e-01 1.618497109826589619e-01 1.385072409951726702e-01 2.037533512064343133e-01 2.430555555555555525e-01 1.610824742268041343e-01 2.047945205479451969e-01 2.108032269379165324e-01 1.884526558891455039e-01 1.788297172912557409e-01
nan nan nan nan nan nan nan nan nan nan 1.571428571428571397e-01 1.578947368421052544e-01 1.059602649006622516e-01 2.442748091603053340e-01 1.346153846153846090e-01 nan nan 6.451612903225806273e-02 1.075268817204301092e-01 1.894736842105263219e-01 9.661835748792270417e-02 1.830985915492957805e-01
1.746031746031745935e-01 1.132075471698113234e-01 7.792207792207792028e-02 1.923076923076923184e-01 1.309523809523809590e-01 nan 9.677419354838709409e-02 1.346153846153846090e-01 2.280701754385964786e-01 1.407035175879396971e-01 1.387808041504539625e-01 1.268436578171091567e-01 1.495063469675599332e-01 1.919191919191919060e-01 1.630622837370242217e-01 2.976324689966178272e-01 2.374429223744292106e-01 1.596548004314994607e-01 3.502161828289067080e-01 3.544575725026852808e-01 3.123924268502581980e-01 3.126005361930294657e-01
nan nan nan nan nan nan nan 1.111111111111111049e-01 nan nan 1.176470588235294101e-01 7.547169811320754429e-02 9.090909090909091161e-02 1.052631578947368363e-01 8.181818181818181768e-02 nan nan 1.195652173913043514e-01 2.760416666666666852e-01 2.633136094674556338e-01 1.402439024390244038e-01 1.372549019607843257e-01
nan nan nan nan nan nan nan nan nan nan 2.207792207792207695e-01 1.199999999999999956e-01 1.090909090909090856e-01 1.860465116279069742e-01 2.331606217616580268e-01 2.903225806451613100e-01 3.750000000000000000e-01 1.666666666666666574e-01 3.665158371040723728e-01 2.885245901639344468e-01 4.071661237785016429e-01 3.850000000000000089e-01
nan nan nan nan nan nan nan nan nan 1.016949152542372947e-01 2.076271186440677985e-01 2.515151515151515249e-01 2.796052631578947456e-01 3.595505617977527990e-01 2.233820459290187799e-01 3.904593639575971720e-01 4.615384615384615641e-01 3.207126948775055886e-01 3.750000000000000000e-01 2.653846153846153855e-01 2.417582417582417598e-01 3.239795918367346927e-01
1.119402985074626905e-01 1.216216216216216284e-01 1.084337349397590383e-01 1.578947368421052544e-01 1.415525114155251063e-01 nan 1.269430051813471572e-01 1.428571428571428492e-01 1.644736842105263275e-01 1.774193548387096864e-01 1.407322654462242473e-01 1.874431301182893639e-01 1.283341721187720164e-01 1.625000000000000056e-01 1.940298507462686617e-01 2.470784641068447529e-01 2.277580071174377108e-01 1.659736659736659736e-01 2.212267401791867816e-01 2.176752285589899916e-01 2.715818945403639662e-01 3.261840929401251254e-01
nan nan nan nan nan nan nan nan nan nan 2.948717948717948789e-01 3.774509803921568540e-01 2.307692307692307820e-01 2.178217821782178210e-01 1.857506361323155164e-01 2.445923460898502544e-01 2.040816326530612290e-01 1.807044410413476132e-01 2.000000000000000111e-01 1.675257731958762764e-01 1.455223880597014963e-01 1.752021563342318067e-01
nan nan nan nan nan nan nan nan nan nan 1.326259946949602253e-01 2.782764811490125445e-01 1.089108910891089105e-01 1.397058823529411797e-01 1.525423728813559421e-01 3.063457330415754742e-01 2.292993630573248454e-01 2.148499210110584590e-01 1.878453038674033071e-01 1.760797342192690906e-01 1.685393258426966245e-01 2.124183006535947660e-01
nan nan 1.717171717171717127e-01 nan nan nan nan 2.260273972602739601e-01 1.690140845070422504e-01 1.744966442953020114e-01 1.723202170963364921e-01 1.961231470923603115e-01 1.673228346456692994e-01 2.508792497069167737e-01 3.072050673000791821e-01 3.562005277044855145e-01 3.400000000000000244e-01 2.404787812840043504e-01 3.923267326732673421e-01 3.461818181818182016e-01 3.677130044843049395e-01 4.084406294706723894e-01
2.121212121212121271e-01 1.097560975609756101e-01 1.315789473684210453e-01 9.756097560975610095e-02 nan nan 9.589041095890410427e-02 nan 1.060606060606060635e-01 nan 4.169934640522875990e-01 3.045045045045045029e-01 3.598726114649681285e-01 3.474025974025973795e-01 3.643790849673202437e-01 3.108808290155440357e-01 3.464566929133858220e-01 2.700135685210311998e-01 4.736842105263157632e-01 3.122923588039867027e-01 3.944954128440367191e-01 3.238512035010940870e-01
nan nan nan nan nan nan nan nan nan nan 5.172413793103448620e-01 1.916167664670658799e-01 3.451327433628318397e-01 1.290322580645161255e-01 2.833333333333333259e-01 2.746113989637305464e-01 2.307692307692307820e-01 2.414965986394557729e-01 2.244897959183673464e-01 2.642487046632124303e-01 1.339869281045751592e-01 1.360000000000000098e-01
1.271186440677966045e-01 9.433962264150944077e-02 1.317829457364341206e-01 1.052631578947368363e-01 1.612903225806451568e-01 nan 1.791044776119402882e-01 nan nan 2.738095238095238360e-01 3.337837837837837607e-01 4.209809264305177101e-01 3.218785796105383956e-01 3.096590909090908839e-01 3.133086876155268263e-01 3.466522678185744999e-01 3.373134328358208811e-01 3.075523202911737974e-01 2.673267326732673421e-01 2.677419354838709853e-01 2.719424460431654755e-01 2.677053824362606305e-01
1.071428571428571369e-01 1.379310344827586188e-01 1.230769230769230838e-01 2.340425531914893664e-01 nan nan 1.034482758620689641e-01 3.513513513513513709e-01 nan nan 3.299145299145299082e-01 1.259259259259259134e-01 3.215130023640662138e-01 2.303473491773309068e-01 2.943425076452599320e-01 1.504178272980501441e-01 2.192982456140350755e-01 1.571709233791748483e-01 3.868131868131868267e-01 3.151658767772511638e-01 2.719486081370449670e-01 1.700680272108843483e-01
1.194029850746268634e-01 nan nan nan 1.000000000000000056e-01 nan 1.212121212121212155e-01 nan nan nan 1.866141732283464472e-01 3.333333333333333148e-01 1.425081433224755778e-01 1.180327868852459050e-01 1.393005334914048654e-01 2.385817307692307820e-01 1.284403669724770714e-01 1.825922421948912022e-01 1.238223418573351220e-01 1.351981351981351998e-01 1.689895470383275256e-01 1.507092198581560238e-01
2.689655172413792927e-01 5.000000000000000000e-01 1.718750000000000000e-01 1.538461538461538547e-01 4.710144927536231707e-01 nan 4.034482758620689391e-01 1.000000000000000056e-01 1.875000000000000000e-01 3.577235772357723609e-01 3.954415954415954615e-01 4.973009446693656965e-01 3.522388059701492269e-01 3.977812995245642025e-01 3.830715532286212976e-01 5.867158671586716334e-01 5.614886731391586228e-01 5.561147458480121264e-01 2.913907284768211814e-01 3.451327433628318397e-01 4.053700065487884641e-01 3.895853423336547716e-01
nan nan nan nan nan nan nan nan nan nan nan nan nan nan nan nan nan nan nan nan nan nan
1.527777777777777901e-01 nan 2.392638036809816016e-01 nan 1.791044776119402882e-01 nan 1.267605633802816878e-01 2.831325301204819511e-01 4.411764705882352811e-01 3.921568627450980338e-01 3.117359413202934193e-01 3.240740740740740700e-01 2.995049504950494934e-01 5.000000000000000000e-01 3.928798474253019646e-01 4.885245901639344024e-01 5.178082191780821741e-01 2.985658409387222934e-01 5.256696428571429047e-01 5.089285714285713969e-01 7.094105480868665436e-01 6.666666666666666297e-01
1.728395061728394966e-01 2.571428571428571175e-01 2.678571428571428492e-01 3.017241379310344751e-01 2.808988764044944020e-01 nan 1.322314049586776896e-01 6.609589041095890183e-01 5.188679245283018826e-01 3.238095238095238249e-01 3.418491484184915108e-01 2.878504672897196359e-01 3.619791666666666852e-01 4.963702359346642279e-01 4.150417827298050200e-01 3.518821603927986819e-01 4.401197604790419438e-01 2.694763729246487660e-01 6.532618409294012052e-01 6.399326977005047601e-01 6.011183597390493683e-01 4.883945841392650089e-01
1.581632653061224580e-01 2.231404958677686012e-01 1.894736842105263219e-01 2.790697674418604612e-01 1.424581005586592064e-01 3.599999999999999867e-01 2.255639097744360777e-01 2.025316455696202500e-01 1.478599221789883289e-01 3.248175182481751744e-01 1.499274836838288549e-01 2.701664532650447925e-01 1.671023151605675883e-01 1.959330143540669866e-01 1.935178933153274827e-01 3.354144987859868365e-01 2.408347433728144360e-01 2.237263982899893033e-01 2.502446982055465119e-01 2.572184793070259601e-01 2.770313499680102098e-01 2.937924101533048726e-01
1.032448377581120930e-01 2.469135802469135665e-01 2.912772585669781700e-01 3.446428571428571397e-01 1.777777777777777846e-01 nan 1.371951219512195230e-01 2.785388127853881124e-01 2.723735408560311044e-01 1.333333333333333315e-01 3.395784543325526816e-01 2.692957746478873426e-01 4.651758676915909718e-01 4.673141576391482976e-01 5.108620689655172242e-01 3.118750000000000133e-01 3.635036496350365076e-01 3.655788655788655972e-01 4.046193327630453473e-01 3.990891658676893328e-01 3.864661654135338464e-01 3.143697891123099497e-01
2.268370607028754038e-01 2.296918767507002690e-01 1.558891454965357914e-01 1.772357723577235866e-01 2.847222222222222099e-01 4.339622641509434109e-01 2.743732590529248117e-01 2.184466019417475591e-01 2.704918032786885473e-01 3.582887700534759245e-01 4.694533762057878090e-01 4.771893025694808332e-01 4.016698971224094139e-01 3.046651856553475035e-01 3.651493598862020074e-01 4.151265282911572596e-01 4.010519395134779508e-01 3.843109032025908700e-01 3.595375722543352470e-01 3.169386347965985062e-01 3.427737226277372540e-01 2.810060711188204774e-01
7.446808510638297518e-02 1.267605633802816878e-01 8.633093525179856564e-02 2.008196721311475419e-01 1.666666666666666574e-01 nan 1.304347826086956486e-01 2.380952380952380820e-01 2.222222222222222099e-01 nan 2.263681592039800961e-01 1.245954692556634352e-01 2.219679633867276958e-01 2.959064327485380064e-01 3.478419897585954823e-01 1.686390532544378706e-01 2.283236994219653149e-01 1.509945750452079682e-01 4.515738498789346189e-01 4.152334152334152262e-01 3.531645569620253111e-01 2.744945567651633223e-01
1.238095238095238138e-01 nan 1.066666666666666735e-01 1.250000000000000000e-01 nan nan nan 9.090909090909091161e-02 1.403508771929824483e-01 nan 2.970620239390642237e-01 9.766454352441614195e-02 2.457496136012364829e-01 1.933497536945812945e-01 2.270627062706270516e-01 1.080459770114942514e-01 4.624277456647398615e-02 1.312335958005249326e-01 2.869822485207100815e-01 2.255216693418940488e-01 1.569390402075226953e-01 1.327967806841046372e-01
nan nan 8.411214953271027583e-02 7.766990291262135249e-02 nan nan nan 2.923076923076923239e-01 nan nan 2.304347826086956541e-01 1.533742331288343586e-01 2.313915857605177984e-01 3.511029411764705621e-01 3.678414096916299836e-01 2.250000000000000056e-01 1.680672268907563160e-01 2.525000000000000022e-01 4.620253164556962222e-01 4.832793959007551376e-01 3.871499176276770871e-01 2.797202797202797409e-01
7.377049180327868716e-02 1.929824561403508665e-01 2.227979274611398830e-01 3.025210084033613245e-01 5.925925925925926152e-02 nan 1.468531468531468487e-01 2.061855670103092675e-01 1.965065502183405977e-01 1.470588235294117696e-01 2.040816326530612290e-01 1.747572815533980639e-01 1.974093264248704682e-01 2.918395573997233927e-01 2.552021986650961916e-01 2.593774940143654950e-01 2.701863354037267184e-01 1.522662889518413554e-01 4.846743295019156905e-01 3.660451422963689749e-01 4.813849590469099216e-01 4.407252440725243914e-01
nan nan 1.666666666666666574e-01 1.379310344827586188e-01 7.971014492753622505e-02 9.230769230769231282e-02 2.500000000000000000e-01 1.196581196581196632e-01 1.794871794871794879e-01 1.226993865030674841e-01 1.502145922746781215e-01 1.634615384615384637e-01 1.484716157205240306e-01 1.895861148197596768e-01 1.496965610249494372e-01 1.587301587301587213e-01 1.606217616580310759e-01 1.354166666666666574e-01 1.683501683501683610e-01 1.627344222625529413e-01 1.498091603053435250e-01 1.499423298731257237e-01
nan nan nan nan nan nan nan 4.225352112676056260e-02 nan nan 8.849557522123893682e-02 1.100000000000000006e-01 1.376146788990825764e-01 1.077844311377245540e-01 1.557377049180327933e-01 1.199999999999999956e-01 1.574074074074074125e-01 6.741573033707864981e-02 3.582089552238805763e-01 3.097560975609756073e-01 2.500000000000000000e-01 1.631578947368421129e-01
