1.650390600000000063e+01 3.115234399999999937e+01 1.870898400000000095e+01 2.500000000000000000e+01 2.075000000000000000e+01 2.325000000000000000e+01 1.601562500000000000e+01 2.825000000000000000e+01 3.115234399999999937e+01 3.140429699999999968e+01 nan nan nan nan nan nan nan nan nan nan nan nan
2.000000000000000000e+01 1.103320300000000032e+01 1.400000000000000000e+01 1.325000000000000000e+01 1.800000000000000000e+01 1.700000000000000000e+01 2.578125000000000000e+01 2.200000000000000000e+01 1.998046899999999937e+01 2.395703100000000063e+01 nan nan nan nan nan nan nan nan nan nan nan nan
1.992187500000000000e+01 1.300000000000000000e+01 1.400000000000000000e+01 1.600000000000000000e+01 1.946093799999999874e+01 2.382812500000000000e+01 2.578125000000000000e+01 2.000000000000000000e+01 2.700000000000000000e+01 2.675000000000000000e+01 nan nan 3.983984399999999937e+01 nan nan nan nan nan nan nan nan nan
2.089843799999999874e+01 1.700000000000000000e+01 1.992187500000000000e+01 1.210937500000000000e+01 2.465234399999999937e+01 2.288867199999999968e+01 3.359375000000000000e+01 1.800000000000000000e+01 1.800000000000000000e+01 2.387109399999999937e+01 nan nan nan nan 4.200000000000000000e+01 nan nan nan nan nan nan nan
2.094921899999999937e+01 1.900000000000000000e+01 1.900000000000000000e+01 2.773437500000000000e+01 1.406250000000000000e+01 1.700000000000000000e+01 1.600000000000000000e+01 2.968750000000000000e+01 2.900000000000000000e+01 2.800000000000000000e+01 nan nan nan nan nan nan nan nan nan nan nan nan
2.775000000000000000e+01 2.200000000000000000e+01 2.300000000000000000e+01 2.300000000000000000e+01 1.600000000000000000e+01 1.015625000000000000e+01 1.357421899999999937e+01 2.900000000000000000e+01 2.656835900000000095e+01 2.100000000000000000e+01 nan nan nan nan nan nan nan nan nan nan nan nan
1.796875000000000000e+01 2.578125000000000000e+01 2.413330099999999945e+01 2.800000000000000000e+01 1.969140600000000063e+01 2.175292999999999921e+01 1.210937500000000000e+01 2.842187500000000000e+01 2.750000000000000000e+01 2.718359399999999937e+01 nan nan nan nan nan nan nan nan nan nan nan nan
3.200000000000000000e+01 1.800000000000000000e+01 2.773437500000000000e+01 1.600000000000000000e+01 3.100000000000000000e+01 3.112500000000000000e+01 3.588671899999999937e+01 1.210937500000000000e+01 1.796875000000000000e+01 1.850000000000000000e+01 nan nan nan nan nan nan nan nan 3.115234399999999937e+01 3.062304699999999968e+01 nan nan
1.300000000000000000e+01 2.242578100000000063e+01 2.773437500000000000e+01 2.500000000000000000e+01 2.700000000000000000e+01 2.900000000000000000e+01 2.242578100000000063e+01 1.406250000000000000e+01 1.406250000000000000e+01 1.277734399999999937e+01 nan nan nan nan nan nan nan nan nan nan nan nan
2.219531200000000126e+01 2.200000000000000000e+01 3.099804699999999968e+01 3.000000000000000000e+01 3.200000000000000000e+01 2.275000000000000000e+01 3.554687500000000000e+01 2.000000000000000000e+01 1.300000000000000000e+01 1.400000000000000000e+01 nan nan nan nan nan nan nan nan nan nan nan nan
nan nan nan nan nan nan nan nan nan nan 1.162109399999999937e+01 1.797656200000000126e+01 1.500000000000000000e+01 2.004394500000000079e+01 2.400000000000000000e+01 2.706152300000000110e+01 2.089843799999999874e+01 1.894531200000000126e+01 3.182031200000000126e+01 3.300000000000000000e+01 3.250000000000000000e+01 3.325000000000000000e+01
nan nan nan nan nan nan 2.325000000000000000e+01 nan nan nan 2.395703100000000063e+01 1.796875000000000000e+01 2.578125000000000000e+01 4.140625000000000000e+01 3.400000000000000000e+01 1.700000000000000000e+01 2.200000000000000000e+01 1.300000000000000000e+01 3.359375000000000000e+01 3.652343799999999874e+01 3.500000000000000000e+01 3.075000000000000000e+01
nan nan 3.400000000000000000e+01 nan nan nan nan nan nan nan 1.796875000000000000e+01 2.250000000000000000e+01 1.453808599999999984e+01 1.796875000000000000e+01 1.800000000000000000e+01 2.010253900000000016e+01 2.594531200000000126e+01 2.089843799999999874e+01 2.800000000000000000e+01 3.250000000000000000e+01 2.594531200000000126e+01 2.800000000000000000e+01
nan nan nan nan nan nan nan nan nan nan 2.030761700000000047e+01 3.225000000000000000e+01 1.525000000000000000e+01 1.406250000000000000e+01 1.600000000000000000e+01 1.900000000000000000e+01 1.600000000000000000e+01 2.736718799999999874e+01 2.236328100000000063e+01 2.150000000000000000e+01 2.187500000000000000e+01 2.500000000000000000e+01
nan nan nan 2.600000000000000000e+01 nan nan nan nan nan nan 2.320703100000000063e+01 2.578125000000000000e+01 1.960546899999999937e+01 1.550000000000000000e+01 1.406250000000000000e+01 2.100000000000000000e+01 1.850000000000000000e+01 2.900000000000000000e+01 2.669335900000000095e+01 2.000000000000000000e+01 2.200000000000000000e+01 2.212500000000000000e+01
nan nan nan nan nan nan nan nan nan nan 3.066406200000000126e+01 1.649609399999999937e+01 3.400000000000000000e+01 2.300000000000000000e+01 2.578125000000000000e+01 1.333007800000000032e+01 2.490234399999999937e+01 1.796875000000000000e+01 3.408203100000000063e+01 2.500000000000000000e+01 2.871093799999999874e+01 1.800000000000000000e+01
nan nan nan nan nan nan nan nan nan nan 2.724609399999999937e+01 2.395019500000000079e+01 2.412109399999999937e+01 1.845703100000000063e+01 2.389062500000000000e+01 1.601562500000000000e+01 7.000000000000000000e+00 1.900000000000000000e+01 2.780078100000000063e+01 2.736718799999999874e+01 1.894531200000000126e+01 1.700000000000000000e+01
nan nan nan nan nan nan nan nan nan nan 2.044921899999999937e+01 1.859277300000000110e+01 2.200000000000000000e+01 2.190625000000000000e+01 2.578125000000000000e+01 1.796875000000000000e+01 1.007812500000000000e+01 1.500000000000000000e+01 2.956542999999999921e+01 3.150000000000000000e+01 3.513671899999999937e+01 4.200000000000000000e+01
nan nan nan nan nan nan nan 3.625000000000000000e+01 nan nan 3.000000000000000000e+01 4.900000000000000000e+01 3.066406200000000126e+01 3.100000000000000000e+01 2.650000000000000000e+01 4.700000000000000000e+01 2.150000000000000000e+01 4.152832000000000079e+01 1.156640600000000063e+01 1.600000000000000000e+01 2.187500000000000000e+01 2.500000000000000000e+01
nan nan nan nan nan nan nan 4.042968799999999874e+01 nan nan 2.500000000000000000e+01 1.552734399999999937e+01 3.033203100000000063e+01 2.382812500000000000e+01 1.900000000000000000e+01 2.800000000000000000e+01 2.578125000000000000e+01 2.700000000000000000e+01 1.800000000000000000e+01 1.350000000000000000e+01 2.000000000000000000e+01 2.050000000000000000e+01
nan nan nan nan nan nan nan nan nan nan 2.825000000000000000e+01 3.775000000000000000e+01 3.200000000000000000e+01 2.129003900000000016e+01 2.773437500000000000e+01 2.529296899999999937e+01 2.450000000000000000e+01 3.589550799999999953e+01 1.400000000000000000e+01 1.895898400000000095e+01 1.375000000000000000e+01 1.600000000000000000e+01
nan nan nan nan nan nan nan nan nan nan 2.968750000000000000e+01 2.951562500000000000e+01 2.675000000000000000e+01 2.507324200000000047e+01 2.600000000000000000e+01 2.780078100000000063e+01 1.202734399999999937e+01 3.142187500000000000e+01 1.900000000000000000e+01 2.200000000000000000e+01 1.796875000000000000e+01 1.796875000000000000e+01
